-0.155136
-0.237991
-0.127243
-0.195374
-0.353027
0.178619
0.182846
-0.327759
-0.07164
-0.000761667
-0.0577685
-0.0992584
-0.18988
-0.108566
0.361526
-0.287018
0.250381
0.0570374
-0.0390167
-0.379959
-0.197617
0.0527344
-0.046402
-0.133331
0.122025
0.360214
-0.122253
0.126602
0.225891
0.206543
-0.0199127
-0.0521851
-0.00108337
0.134445
-0.151657
0.447861
-0.0477531
0.320055
-0.207829
-0.242729
-0.270279
-0.343915
-0.0143585
0.224487
0.372742
0.0465698
-0.16925
-0.161362
0.313599
0.00250244
-0.390472
-0.0395508
0.147964
-0.0502777
-0.142807
-0.274719
0.1353
-0.198441
-0.00309753
-0.22699
-0.0418243
0.279221
-0.27739
0.199398
0.229105
-0.0211071
-0.373754
0.138939
-0.248898
-0.293701
-0.391882
-0.0470788
0.0263352
0.0269464
-0.0448422
-0.341197
0.00114351
0.0864343
0.277237
0.0473751
0.0964813
0.206375
0.114716
0.291901
-0.0558167
0.183716
-0.175034
-0.0573883
-0.0917053
-0.138367
0.236542
0.122481
0.329157
-0.047745
-0.0747767
0.38163
0.0992024
-0.381632
0.066024
0.0140259
-0.289009
-0.224616
0.0934869
0.00527544
0.0952523
-0.327977
-0.0530294
0.0964073
0.108843
0.196945
-0.0764008
-0.166885
0.134216
-0.0149994
-0.175797
0.243348
-0.148255
0.2098
-0.121204
0.338065
-0.288886
-0.392202
0.114368
0.00355227
-0.223256
-0.0679691
-0.170708
-0.00326677
0.0620276
-0.126553
0.00164045
0.198916
-0.0268887
-0.0499081
-0.277704
-0.267858
0.236696
-0.342333
0.0623016
0.401703
0.102371
0.0749817
-0.000176963
0.203359
-0.0251981
-0.314814
0.153473
0.0237034
-0.0156184
-0.0298241
-0.119872
0.00380749
-0.0906309
0.144538
-0.112986
-0.126163
0.235331
-0.0201269
0.235989
0.146145
0.164742
-0.0724553
-0.310877
-0.331678
0.229798
-0.277836
-0.0107905
0.213791
0.215576
0.0518827
-0.101748
-0.0181709
0.390995
-0.047577
-0.085751
-0.218792
0.102323
0.13298
-0.119275
0.0489867
-0.258033
-0.080877
0.423781
0.354438
-0.304968
-0.0673574
0.226391
-0.145617
-0.106777
0.0560731
-0.173908
-0.0650221
-0.424637
-0.0312101
-0.209635
0.0159912
0.115417
-0.0109072
0.344738
-0.0865323
0.354569
0.0754006
-0.225148
0.295233
-0.0157515
0.0376254
-0.117199
0.191383
0.225603
0.0447004
-0.244362
0.17713
-0.0475838
0.396736
0.196904
0.0670107
0.0754644
0.0155214
-0.0588783
0.0946154
0.031459
-0.0200571
0.332111
0.20258
-0.227142
-0.0791537
0.337894
-0.0599479
0.410173
-0.289328
0.368513
0.150989
0.0559017
0.332407
0.208527
0.199161
0.0457612
0.285473
0.017465
0.368043
-0.388699
0.461021
-0.2558
-0.121266
-0.180234
0.286306
0.265132
-0.171183
-0.439903
-0.261312
0.194802
-0.317043
0.292862
0.0887845
-0.287732
0.239848
0.248128
-0.00377791
0.000774206
0.234817
0.150478
-0.116224
-0.143553
0.294444
0.269615
0.510323
0.359769
0.0595657
0.355594
0.151593
0.178941
-0.195378
0.249067
-0.061772
0.112909
0.246009
0.271606
-0.0465204
-0.0822631
0.0194061
-0.0308838
-0.0656184
0.10201
0.0862218
0.14207
0.0478454
0.211542
-0.269529
-0.198222
0.18618
0.721854
0.393889
0.380551
0.254733
0.332198
-0.0455019
0.165552
-0.0773413
0.0627863
-0.0831542
0.131188
-0.169336
0.193324
0.278795
0.424372
0.0322433
-0.191442
-0.290929
0.0886993
-0.163254
-0.449879
0.317051
-0.331513
-0.0754781
0.14555
0.183333
0.227432
0.108265
0.535469
0.846479
0.273431
0.514534
0.840968
0.0792568
0.0463807
-0.0330248
-0.231625
0.388399
-0.380397
0.116871
0.210532
0.521984
0.430255
0.269463
0.319776
-0.0590437
0.486862
0.109361
0.147815
0.159145
-0.0876688
0.0921347
-0.0419289
0.0879568
-0.192578
0.381847
0.179772
0.473752
0.295576
0.293392
0.0730615
0.222719
0.177975
-0.295525
-0.122787
-0.390314
0.140926
-0.0698279
0.312996
0.223928
0.332486
-0.199522
-0.0183961
-0.1985
0.351547
0.242257
6.8813e-005
-0.0329255
0.27798
0.139556
0.154044
0.131638
0.116255
-0.0720551
0.178042
0.155993
0.0534217
0.00124222
-0.214973
-0.205849
-0.370835
-0.427477
-0.824464
-0.342588
0.27998
0.299529
0.328061
0.323958
0.16654
-0.0486305
-0.103652
0.120653
-0.221771
-0.110987
0.0547541
0.199701
0.0653466
0.123948
-0.172164
0.140231
-0.231893
-0.0325662
-0.503325
-0.380809
-0.421219
-0.226674
-0.222685
-0.273319
-0.465599
-0.736414
-0.216991
-0.0643141
-0.00615012
-0.143635
0.0241315
0.327853
0.382739
-0.0286859
0.00883232
0.0550366
0.0745087
0.111536
0.135533
0.146709
-0.173286
-0.109861
0.165189
-0.102747
-0.0861801
-0.160062
-0.101629
-0.324074
0.0400607
-0.383486
0.0402667
-0.422294
0.0712563
-0.128478
-0.0645605
-0.0397398
0.0872024
0.321063
0.0646272
0.136535
0.300082
0.124873
0.0361262
-0.0880267
-0.185181
0.388836
-0.428662
-0.127004
0.326415
0.160072
0.490394
0.0975274
0.194816
-0.077482
0.00394116
0.315403
0.198218
-0.0298566
-0.0349347
0.204008
-0.117602
0.0397446
0.296136
0.315776
0.0733724
-0.101638
-0.463857
0.209519
0.59129
0.0726572
0.223528
-0.0666722
0.145172
-0.175959
0.147369
-0.335422
-0.105005
0.0258199
0.302838
-0.184808
0.0589013
-0.129724
0.0942894
0.226204
0.1632
0.206334
0.206903
-0.0882559
0.405081
0.463566
-0.0245414
0.177482
0.0456666
-0.0770257
-0.306504
-0.26682
0.20425
0.287642
-0.170086
-0.0638458
-0.162216
0.162646
-0.37444
0.132687
-0.0572507
0.0259951
0.240964
0.0264416
0.0893799
-0.211593
0.126644
0.214953
0.522637
0.38201
0.148284
0.284599
0.428508
0.0668569
0.520246
0.0225472
0.0220758
0.0753581
0.00936205
0.178468
-0.187764
-0.142493
-0.109094
0.178533
0.0957336
0.0309296
-0.188134
-0.153419
0.248476
-0.0582429
-0.125779
-0.405254
0.0491053
-0.0475625
0.370374
-0.0147559
0.166249
0.531964
0.362805
0.0937004
-0.0665558
0.288928
0.158145
-0.0529802
0.13391
0.153012
0.160167
0.250506
-0.0118216
0.266307
0.218626
-0.0400615
0.107788
-0.0743713
-0.100737
0.397961
0.267756
-0.282377
-0.121338
-0.0282003
0.236947
0.536015
0.348489
0.528098
0.268884
0.183672
0.187224
0.383911
0.222573
0.253203
-0.228304
0.0111991
-0.380573
-0.153469
0.154386
-0.0944242
-0.0138926
-0.195929
-0.409079
0.0178056
-0.147095
-0.0463867
-0.487494
-0.0354682
-0.012192
-0.014793
-0.464117
0.0858186
0.367414
0.0929295
0.0909739
0.135362
-0.118183
0.273124
0.0132066
0.00848728
0.152832
0.0252034
0.0286005
0.118368
-0.00210589
0.23571
0.454343
-0.118297
-0.12442
-0.0995409
-0.0126415
0.116714
-0.34494
-0.172501
-0.260451
-0.117066
0.0955034
-0.592195
-0.21359
0.0459518
0.26041
0.0498338
0.484567
0.0999995
0.23079
0.073504
0.188083
0.250849
-0.22905
0.506249
0.418783
0.218805
0.319006
0.244293
-0.3389
0.200394
0.123252
-0.302489
0.197469
-0.0755157
-0.0121155
-0.39325
-0.225021
0.146328
0.095303
-0.233969
-0.448019
0.348651
0.0540417
0.302658
-0.00429534
-0.15146
-0.0807636
-0.134489
0.0852586
0.323568
0.00641222
0.35722
-0.428951
-0.366888
-0.201177
0.449867
0.0586877
0.166264
0.357105
0.0455531
0.238352
-0.360931
0.0293579
0.190033
-0.115768
0.0880682
0.136423
-0.0211582
0.294499
0.207737
0.250918
0.123333
0.256931
-0.149536
-0.255785
0.180393
0.0895399
0.252814
-0.0115984
0.016435
0.313869
0.238313
0.17234
0.249236
0.0332963
-0.0793057
-0.300293
-0.118271
0.222794
0.345474
-0.0335541
0.0571899
0.0570221
-0.320554
0.188015
-0.00437458
-0.158126
-0.0995653
0.104854
0.0231859
-0.110294
0.332409
0.421189
0.354805
0.183841
0.185436
-0.218698
0.0242708
-0.223154
0.185571
0.0207338
-0.193371
0.0198238
0.0557098
0.143173
-0.103073
0.0451508
0.135818
0.0499115
-0.238327
-0.0542603
0.332202
-0.0667231
0.017011
-0.202601
-0.249066
-0.327963
-0.076859
-0.106984
-0.0296681
-0.317291
0.267271
0.132457
0.407099
-0.0950071
-0.0248873
-0.331791
-0.0113483
-0.433944
-0.189108
0.221984
-0.0513916
0.0451813
0.0277863
0.30751
-0.0235748
-0.10112
0.172546
0.0439453
-0.461411
0.148117
0.154892
-0.180725
-0.0447083
0.127963
0.0671539
-0.333482
-0.141495
-0.021286
0.254761
-0.0997162
-0.112732
-0.094574
-0.363327
-0.00804138
0.133026
0.184021
-0.224335
0.21022
-0.16507
0.419876
0.198578
-4.57764e-005
-0.174881
-0.415392
-0.0332794
0.115875
-0.275894
0.128662
-0.00390625
0.00532532
-0.113998
-0.22052
0.127777
0.440579
0.0934415
0.00892639
-0.0518036
-0.0959015
0.00521851
0.186356
0.359482
-0.283432
-0.153214
0.307312
0.399704
-0.0756226
0.360504
0.00138855
0.313293
-0.0697479
-0.00161743
0.289993
-0.128799
-0.123703
0.367996
0.0942383
-0.0586243
0.276993
-0.0723267
-0.00732422
-0.191601
-0.0396527
-0.00801055
0.272425
-0.192963
0.408037
0.126923
-0.0294189
0.335205
0.225601
-0.304794
-0.185019
0.0331573
0.184402
-0.0483551
0.0485077
-0.00219727
0.403412
0.288498
0.154648
-0.344833
-0.0800018
-0.129349
0.0707245
0.0204315
0.0736237
0.0810852
0.172159
0.267339
0.104938
-0.314698
0.199258
-0.402487
0.260147
-0.0758187
-0.21751
-0.422842
-0.183062
-0.0698797
-0.0827216
-0.0870125
-0.152005
-0.0676117
-0.100698
0.0921326
-0.348511
0.33075
-0.210846
0.372314
-0.0983276
0.170898
-0.0710449
-0.132263
-0.222855
-0.165523
-0.34829
-0.189238
0.1062
-0.0994697
-0.16341
0.242785
0.123768
-0.204425
-0.0495946
0.248623
0.488719
-0.4236
0.19313
-0.358548
-0.272492
-0.118597
-0.223049
-0.107354
-0.486755
0.220673
-0.0249786
-0.147141
-0.0345612
0.112991
0.193501
-0.0636004
-0.08375
-0.11343
-0.0081954
-0.173016
-0.713921
-0.0202479
-0.164303
-0.0191701
-0.255174
0.240652
0.507536
0.430172
-0.192137
-0.0759766
-0.206986
0.0269958
0.29142
-0.241324
-0.160943
0.143449
-0.135111
-0.118835
0.440262
-0.0541229
-0.0753174
0.0642574
0.0677018
-0.341657
0.0869699
0.373189
-0.263994
0.0648922
-0.0207316
-0.0399074
-0.0548255
0.215305
0.392774
-0.0860128
0.501859
-0.186102
-0.289678
-0.0612872
-0.0111867
-0.177835
-0.224898
-0.143056
0.0500831
-0.131963
0.29254
-0.322566
-0.0858917
0.0113983
0.133924
-0.279538
-0.14333
0.301159
0.316753
-0.0109297
-0.215269
-0.39065
-0.382281
-0.307258
-0.000209299
0.165299
0.0884571
0.679013
0.443332
0.596768
0.0957105
-0.153551
-0.319025
-0.619357
-0.222866
0.165151
0.00995538
-0.103288
0.019594
0.269181
-0.0683136
-0.337372
-0.10068
0.0325747
0.289657
-0.273776
0.244236
-0.000643227
-0.0195543
-0.0301749
-0.21218
-0.355638
-0.307527
0.133584
0.131361
0.362824
0.210714
0.328981
0.103693
0.526767
-0.385445
0.0239552
-0.523657
-0.245772
-0.167086
-0.0120738
0.0505706
-0.158035
0.388547
-0.241867
-0.437765
0.463526
0.0122516
0.138406
0.110426
-0.287084
0.0404454
0.118105
-0.246142
0.263972
0.108087
0.596055
0.611205
0.0315659
0.279481
0.557738
-0.0330099
0.0718259
0.0580765
-0.433876
-0.356928
-0.10407
-0.133205
-0.291878
-0.119017
-0.322398
0.313462
-0.355927
-0.0903525
0.170874
-0.0406256
0.103706
-0.233272
-0.176282
0.0389369
-0.397501
-0.545162
0.0773729
-0.132682
0.235792
0.152881
0.638771
0.383669
0.0901893
-0.13456
0.141488
0.00985963
0.0730514
-0.0494702
-0.260551
-0.217852
-0.101519
0.203877
0.128187
0.0378938
0.146255
0.103973
-0.437515
-0.106255
-0.0860771
0.0384996
-0.18683
-0.333437
-0.0712456
-0.0386992
-0.0678267
0.0570597
0.422002
1.01859
0.288379
0.43713
0.190615
-0.135
-0.280034
-0.149977
-0.333371
0.130171
-0.0371151
-0.681618
0.370366
-0.502006
-0.158261
-0.148208
0.312515
0.168875
-0.215646
-0.00276834
-0.203802
-0.370078
-0.315207
-0.621558
-0.260859
-0.342779
-0.0492615
-0.0144659
0.813616
1.29168
0.346923
0.275348
0.21756
0.456996
0.637553
-0.540612
-0.0724961
0.0709029
-0.0460882
-0.633133
-0.118003
-0.638445
-0.23343
0.125672
-0.0953064
0.0803145
0.15851
-0.36332
-0.0714934
-0.501884
-0.525996
-0.392853
-0.240142
-0.15109
-0.105968
0.253635
0.479145
0.533694
0.185867
0.308299
0.380553
0.126537
0.0761813
0.164581
-0.21562
0.666707
-0.381146
-0.160538
-0.113646
-0.686816
-0.51
-0.262085
-0.358963
0.0822458
-0.137447
-0.240051
-0.443277
-0.856287
-0.514378
-0.998384
-0.468257
-0.835788
-0.474321
-0.158906
0.324879
0.140019
0.0771516
0.144519
0.205193
0.0580939
-0.059611
-0.00147965
0.224556
0.12126
0.0157809
-0.0234404
-0.388632
-0.604757
-0.382665
-0.269202
-0.311798
0.316672
-0.105331
-0.162354
-0.407903
-0.431727
-0.784871
-0.670401
-0.692719
-0.41367
-0.297345
0.102742
0.0317567
-0.232855
-0.019515
-0.151324
0.0679396
0.580234
0.185068
-0.0560967
0.8373
0.280171
-0.0418716
-0.370003
-0.655837
-0.470554
-0.0494897
0.131157
-0.0964813
0.135251
0.313927
-0.0513471
-0.199622
-0.255818
-0.279597
-0.742686
-0.570298
-0.753632
0.148041
0.0251824
-0.335171
0.449358
-0.116913
0.12053
0.825126
0.0167089
-0.0331992
-0.0921801
0.517777
0.179803
-0.134447
-0.097038
0.172612
-0.069283
-0.561034
-0.339614
0.327225
-0.345817
0.191805
-0.41187
-0.0677761
0.138818
-0.210515
-0.645045
-0.540582
-0.46702
-0.316145
-0.0227978
-0.104045
-0.414306
0.15481
0.00990645
0.233779
0.423371
-0.143172
-0.268759
0.099499
0.251404
0.508836
-0.0412771
-0.27347
-0.993181
-0.322854
0.142403
0.424591
0.159399
0.197002
0.319733
0.140967
-0.387372
-0.335012
-0.324435
-0.410312
-0.151696
-0.699423
-0.186784
0.187639
0.109454
0.101112
0.0943775
-0.131953
0.249492
-0.152231
-0.00860958
0.693051
0.0156206
0.0460621
0.126594
-0.408654
-0.410793
-0.349868
0.225797
0.0780945
0.291158
0.257742
0.359041
-0.136147
0.150485
-0.201113
-0.575087
-0.500341
-0.110433
-0.327292
-0.391292
-0.1784
0.0546765
0.351361
-0.115
0.449065
-0.386308
0.087905
0.0842544
0.076438
0.289194
-0.202742
0.16514
-0.30616
-0.368084
-0.162012
-0.246192
0.329681
0.085144
-0.00485131
0.166774
0.0515513
-0.0950373
0.207881
-0.361657
-0.491609
-0.290935
-0.405342
-0.154197
-0.4791
0.101112
0.27655
-0.0376291
0.251192
-0.0181441
-0.200004
-0.118988
0.41165
-0.162853
-0.0868864
0.000335605
0.112409
-0.522429
0.196798
-0.258433
-0.127121
-0.0294952
0.101685
0.0647777
-0.0470806
0.475574
-0.17801
-0.17611
-0.288399
-0.204711
-0.149445
-0.561718
-0.385071
0.369632
0.312215
0.184972
0.242564
0.246216
0.0635803
-0.020965
-0.205837
-0.388034
-0.224243
0.212797
-0.0852395
0.245576
0.102952
0.0806444
-0.204987
-0.100372
-0.161783
0.172346
0.226579
0.362825
-0.0703466
-0.18559
-0.17345
-0.182221
0.0129964
-0.152973
-0.0226444
0.38016
-0.076408
0.369892
-0.130259
-0.26384
0.305812
-0.226357
-0.417978
-0.282941
-0.0201468
0.170261
-0.27843
0.203431
0.098836
-0.166992
-0.430588
0.304306
0.112856
-0.137964
0.322053
0.195985
0.205721
-0.0470446
-0.363571
-0.410693
-0.0433614
-0.638921
0.239147
-0.328468
-0.0441671
0.357694
0.35406
0.261991
-0.033125
-0.305938
0.140446
-0.291233
-0.123795
-0.0868233
0.0928354
0.146639
-0.143754
0.420792
-0.202423
0.269836
0.22879
0.143375
0.353499
0.123246
0.00243417
0.458917
0.287008
-0.466115
-0.443618
-0.28328
-0.058639
0.637326
0.00233472
-0.040207
0.060762
-0.0474208
0.130152
0.114399
0.104308
-0.326671
0.119362
0.0404357
-0.0401315
-0.0563902
0.171027
-0.0540161
-0.298676
-0.0352173
-0.248993
0.163592
-0.299742
0.171921
0.10644
-0.159471
-0.0651923
-0.349529
-0.00234772
-0.127605
-0.022858
0.277105
0.016826
0.304052
-0.37384
-0.324608
-0.447855
0.197536
-0.0920112
0.0570353
-0.106918
-0.0999537
0.156509
-0.251053
-0.316849
0.0516815
0.365097
-0.179352
-0.390411
0.205413
0.0304007
-0.192944
0.31648
0.229059
-0.46447
-0.163117
-0.116898
-0.398934
0.0535834
0.0516037
-0.0477386
0.0463114
0.179562
0.183075
0.0529417
-0.074714
-0.0746855
0.217271
-0.0352686
0.130753
0.181519
-0.201843
-0.23671
-0.0241241
-0.271973
-0.0383911
-0.032074
0.206969
-0.276285
0.181409
-0.22611
-0.258152
-0.208064
-0.340702
-0.342501
0.107496
-0.0997925
-0.0950701
0.0850502
-0.180898
0.205178
-0.184327
-0.00100424
0.0930239
0.257588
0.376198
-0.266111
-0.226303
-0.302307
-0.020462
-0.0642548
-0.143707
-0.173813
0.384079
-0.159088
0.1633
0.0647736
0.0924377
0.29744
0.2845
-0.202205
-0.216095
-0.251961
-0.353119
-0.0484009
-0.0524597
-0.0809937
0.272324
-0.204102
-0.234924
-0.22258
0.285538
0.0330353
-0.256378
0.214569
0.171844
0.108826
-0.401367
-0.00282288
-0.215073
-0.015488
-0.113464
-0.0384521
0.104736
-0.0417633
-0.11232
-0.0411224
0.245193
0.233124
-0.260895
0.0509983
0.212528
-0.260254
0.317352
0.453644
-0.0889893
-0.294586
0.371231
0.235733
-0.0952301
-0.225327
0.404755
0.260788
-0.0783844
0.0796051
-0.19017
0.384171
0.112869
0.0601501
-0.250885
0.39798
0.0607758
0.0344543
-0.211166
0.226425
0.0362244
0.019104
0.284076
0.384836
0.0172304
-0.18292
0.00753328
0.106867
0.394104
-0.249786
0.0155334
-0.0755615
0.0823364
-0.136405
-0.160934
0.231003
0.175354
-0.222046
0.296097
0.290375
0.00491333
-0.0676117
-0.33667
-0.0792236
-0.111664
0.302582
0.0506744
-0.0602722
0.136353
-0.208649
0.0547341
-0.187371
0.361802
0.00741356
0.065206
0.356554
-0.250739
0.368233
0.0132573
-0.115944
0.236909
-0.00918099
-0.368356
-0.303987
0.195999
0.366365
0.1987
-0.466278
0.244232
-0.252884
-0.0882263
-0.379913
0.320587
0.157822
0.401794
0.203323
0.44322
0.0939159
-0.326999
0.0315085
-0.0508825
0.236064
-0.0434863
0.00617571
0.109235
0.190988
0.152555
0.0476598
0.142241
0.397555
0.133712
0.0581034
0.0977615
-0.306606
-0.204842
-0.326385
-0.21286
-0.0922241
-0.202209
0.272812
-0.228439
0.133322
0.222534
0.02634
0.0145336
-0.119796
0.131094
0.110544
0.266508
0.1171
0.379917
0.0377156
-0.198182
-0.00329785
0.0439212
0.180518
-0.144054
0.0250351
-0.159399
0.068802
-0.51109
-0.0987318
-0.156498
-0.0944728
0.067688
0.117935
-0.174866
-0.0401917
0.390459
-0.155038
-0.065201
0.213902
-0.0412859
-0.309728
-0.132469
0.509141
0.0535479
-0.0735219
0.321491
0.296032
-0.0912087
-0.58877
-0.236272
-0.390026
-0.0100254
-0.0465116
0.0235848
-0.456406
-0.180618
0.00232008
-0.410858
0.0544492
0.0583939
-0.126587
0.127731
-0.0891154
-0.176294
-0.162269
-0.150183
-0.0718922
-0.0507608
0.136906
0.254304
-0.249917
0.0483982
0.186051
0.0363846
0.199168
-0.0475212
0.0695546
-0.371912
-0.359319
-0.107029
0.0521239
-0.019799
-0.000506577
0.0089593
-0.226535
0.0326861
0.209322
0.0670787
0.204361
0.149292
0.210796
-0.0158896
0.391872
-0.165506
-0.364727
-0.0426407
0.224145
0.0527295
0.113795
-0.0512009
0.238412
0.110377
-0.0247557
-0.23696
-0.551529
-0.290931
-0.272632
-0.124759
-0.0272514
-0.173669
-0.0686113
-0.0157366
0.072735
0.318116
0.264449
-0.11509
0.167943
0.0730286
0.025222
-0.0925968
-0.47801
-0.0856662
0.285746
-0.178749
0.0543125
0.379658
0.424572
0.387835
-0.106656
-0.0329699
-0.0237118
-0.311992
-0.178157
-0.504559
0.0117922
0.040183
-0.0760481
-0.142672
0.0769136
0.0226302
-0.307173
0.0900684
0.283643
0.0401471
0.112651
0.00137329
-0.161362
-0.165754
-0.206605
-0.135646
0.225827
0.229598
0.265654
0.506361
-0.0447293
0.197562
0.520528
0.0686541
0.0548108
-0.808977
-0.218159
-0.221996
-0.433573
-0.521206
-0.0460429
0.158733
-0.168997
0.224093
0.338374
0.0265266
-0.211708
0.0904093
0.0883581
-0.114426
-0.225515
0.0824632
-0.329384
0.149502
-0.0324238
0.0482302
0.0922634
0.320825
0.259108
0.552542
0.369692
0.42923
0.0123807
0.0205238
-0.0820481
0.0724814
-0.200528
-0.0904978
-0.250271
-0.166713
0.0384367
0.198603
0.110828
0.0265874
-0.157507
0.199558
0.181637
-0.294479
-0.354489
-0.115695
-0.342472
-0.221055
0.016978
0.105543
0.218129
0.228004
0.261405
0.0989456
0.430886
0.43489
0.034551
-0.261662
-0.0425433
-0.190416
0.02074
-0.0366413
-0.115924
0.305985
0.0117356
-0.357147
-0.206272
0.131621
0.037491
-0.243356
0.0519699
0.399292
-0.0511163
0.109737
0.256639
-0.0145455
-0.257029
0.0730122
0.247953
0.118653
0.3968
0.382916
-0.0123959
0.0628151
-0.553125
-0.192614
0.0011558
-0.256287
0.047972
0.355315
0.262674
-0.145938
0.00489205
0.126127
-0.228804
-0.287956
0.206321
-0.0738962
0.439628
0.0429535
-0.0123228
-0.118691
-0.0638008
-0.275374
-0.689076
-0.0817402
-0.576877
0.183802
-0.113146
0.709124
0.0788102
-0.327363
0.347647
0.28011
-0.151258
-0.0326662
0.0870369
0.579197
0.124295
0.00209196
0.0132207
0.0881017
0.120056
0.169103
-0.246757
-0.00236174
-0.232789
0.280136
-0.462162
-0.0856553
-0.297732
0.0761841
-0.204878
-0.441027
0.00455145
0.0362413
-0.310029
0.0569791
0.806958
0.147099
0.043639
0.291015
0.0860576
0.0493653
0.0751956
0.445938
-0.0394802
-0.402342
0.0692368
0.0809762
0.206184
-0.123911
0.0240589
0.198403
-0.0681103
0.00186157
0.16446
-0.136187
-0.347719
-0.0531993
-0.0658861
-0.306667
-0.324044
-0.255635
-0.255523
0.0305163
0.145289
0.2725
0.170475
-0.071518
0.0507841
0.298047
0.00764036
0.0620297
-0.227167
-0.0368993
-0.0472971
0.11276
0.161431
0.0721705
-0.149831
-0.0251314
0.0608047
0.276093
0.0798225
0.112899
-0.176706
0.0695603
0.0566489
-0.00978798
-0.272333
-0.297988
-0.170688
-0.199507
-0.294407
-0.278757
0.223177
-0.152176
0.127328
0.142737
-0.154094
-0.219279
-0.136
-0.314921
0.36029
-0.0551502
0.322991
-0.0262571
-0.385436
-0.0960191
0.00432197
0.0275116
0.0853778
0.367003
-0.365083
-0.135721
-0.0811123
-0.0238099
-0.145357
0.0866121
-0.116044
-0.0752751
-0.0840265
0.0122886
-0.139017
0.0129389
-0.229775
-0.0454482
0.012238
-0.045349
-0.491504
-0.312003
-0.151038
0.0651655
0.224772
-0.0898923
-0.304985
0.0190325
0.246684
-0.0328369
-0.344909
-0.00976217
-0.0805251
0.519417
0.224551
-0.174573
0.0727056
0.00638348
-0.0919841
-0.115874
-0.340783
0.0341677
-0.0740413
-0.00643603
0.327081
0.0964428
-0.0903407
-0.0714348
-0.101192
-0.67578
-0.0838338
-0.0709466
0.0460647
0.123925
0.0839978
-0.355776
-0.0903199
-0.227829
-0.0633087
-0.193172
0.213581
0.0526508
0.0343742
0.252366
0.38804
0.105484
0.146947
0.230282
-0.0939164
-0.28848
0.120862
0.172577
0.0787016
0.0320585
0.166102
0.00916056
-0.194115
-0.246529
-0.157838
-0.0831868
-0.348748
-0.407527
-0.224918
-0.184818
-0.0398171
0.0154114
-0.375229
-0.0316007
-0.136065
0.0981121
-0.0574577
-0.0604905
0.591353
0.0123111
0.258311
-0.257433
-0.511999
-0.282963
-0.212538
0.202494
0.0991287
-0.141766
0.2064
0.0778254
-0.0524373
0.0501054
0.00691118
-0.231781
-0.00501518
0.259541
-0.143252
-0.255049
-0.305854
0.345169
0.103836
-0.159325
0.0998746
-0.0902612
0.47815
0.638356
0.0520159
0.278671
0.298077
-0.00631322
-0.294006
-0.338187
-0.286012
-0.396873
-0.155673
-0.060702
-0.29998
0.023904
-0.0631313
-0.305629
-0.24672
-0.0294362
0.034016
-0.293667
-0.0538075
-0.0938752
-0.240158
-0.085083
0.301712
-0.258707
0.126933
0.22474
0.0763422
0.410318
0.0797182
-0.102569
-0.190401
-0.488817
-0.360032
-0.309335
-0.0783568
-0.0627234
-0.2805
-0.35375
-0.165452
0.117367
0.234323
-0.688081
0.169599
-0.121308
-0.103792
-0.173391
0.0670141
0.00659377
0.215073
0.0628662
-0.190536
-0.133514
-0.0710109
0.435532
0.539812
0.273505
0.426861
0.570258
0.559745
-0.0347016
-0.61994
-0.353401
-0.574409
-0.608004
-0.00331966
-0.0451863
-0.208325
-0.400052
-0.00946437
-0.257328
0.13236
0.125929
0.173486
-0.445565
-0.298126
0.277985
-0.0441895
0.241776
0.248749
0.249329
0.0263772
-0.0441204
0.104265
0.446511
0.500729
0.398634
0.819323
0.46677
-0.200552
-0.247251
0.113514
-0.428951
-0.29173
0.123137
-0.643711
-0.539118
-0.0258932
0.253816
-0.00504687
-0.34503
0.0637127
-0.0413971
0.242828
-0.232254
0.0459442
0.198608
0.388916
0.23819
0.208169
-0.156632
0.265375
0.021118
0.263325
0.177719
0.65161
0.312415
0.437369
0.136679
-0.279689
-0.0812287
0.190702
-0.417715
0.256893
-0.148089
-0.146813
0.0115371
-0.334222
-0.146987
0.234314
-0.277145
0.25621
0.0735931
-0.314621
-0.0958405
0.0142059
-0.187729
-0.387198
0.117016
-0.205086
0.270753
0.128679
0.284014
0.540397
0.0619867
0.294207
0.359222
-0.215751
-0.128069
-0.108379
0.0643993
-0.212631
0.276954
0.141122
0.205315
-0.0219759
0.0242462
0.0116577
-0.0440369
-0.295288
0.233368
-0.0478668
0.232834
0.0408936
0.140259
0.0759888
-0.214523
-0.0114594
-0.285339
0.18837
0.0827424
-0.0762939
0.297526
-0.0898285
-0.141724
-0.207886
-0.155472
-0.00178528
0.18399
0.0543365
0.462631
-0.0843353
-0.0877686
-0.118866
-0.36084
0.152267
0.1539
0.0988617
0.263916
-0.205338
1.12457
0.384613
0.384262
-0.153183
0.365555
-0.288345
-0.287277
0.300171
0.20018
0.0447235
0.385691
-0.0453239
-0.206879
0.285324
-0.0321808
-0.0140686
-0.0549774
-0.0329742
0.216324
-0.228165
0.242844
-0.299164
-0.417557
-0.0434723
-0.307251
-0.129639
-0.0276184
-0.226089
0.102936
0.0773468
0.254456
0.117279
-0.28363
-0.163223
0.0170135
0.359726
0.093689
0.0214697
0.0764228
0.416513
0.238167
0.0612228
0.233605
0.104538
0.0174103
0.381653
0.284485
0.134537
0.217141
0.103714
-0.224899
0.00939941
0.00843811
-0.0107574
0.0108185
0.0555878
0.0281677
-0.365204
0.313843
-0.248886
0.283142
0.417465
0.0310822
-0.204041
0.276342
-0.322837
-0.209396
0.382408
0.324641
-0.242185
-0.000908228
0.001495
0.0550516
-0.101077
0.202872
0.362223
-0.0657674
0.233876
-0.223797
-0.327637
0.0261862
-0.168961
0.180984
-0.347687
0.45343
-0.326523
0.0328674
-0.220779
0.0161285
-0.44664
0.0737305
-0.254168
-0.124758
-0.00959541
0.00616827
-0.0434216
-0.317514
0.0415582
0.372478
0.0168619
0.197685
-0.46327
-0.399333
-0.0450613
0.00887175
-0.143931
0.0408699
0.317141
-0.155828
0.293945
-0.0109863
-0.0841827
-0.283783
-0.222092
0.094162
0.141968
0.0516833
-0.0415493
-0.158032
-0.141232
-0.352208
-0.410998
-0.0832703
-0.28703
-0.310863
0.266458
0.0323437
0.176942
0.0390284
-0.14344
-0.148765
-0.45545
-0.0908194
-0.34197
0.0595725
-0.221885
0.178864
0.13109
-0.0559875
0.27916
-0.114212
0.117828
-0.0528564
0.177691
0.127403
0.03207
-0.166796
-0.284069
-0.62683
-0.495667
-0.233646
0.143869
-0.0717717
0.295705
0.200094
0.211356
-0.25502
0.116648
0.0130711
-0.508796
0.360904
-0.393659
-0.195349
0.0495607
0.096104
-0.211954
0.0863732
0.224522
0.192688
-0.184647
0.105355
-0.215654
-0.181429
0.0488535
-0.395573
-0.566004
-0.405014
-0.269976
0.247169
0.266407
0.374125
0.305371
-0.124245
-0.138474
-0.19269
0.0940332
0.306689
-0.241693
0.0260063
0.0379424
-0.00684466
0.237985
0.266622
-0.358579
-0.0770208
0.0636336
-0.291443
0.0621796
-0.269065
-0.192445
-0.0722056
-0.289117
-0.612155
-0.716904
-0.331171
0.0870538
0.12473
-0.0253363
0.456329
0.676371
0.349808
-0.0586286
-0.0286637
0.0180618
-0.197166
0.0107352
0.664635
-0.493839
0.246424
-0.188962
-0.010094
0.00338462
-0.143586
0.00860779
0.272692
-0.0131989
-0.00861085
0.302671
0.804907
-0.0535154
0.223238
0.15628
-0.15612
0.0407792
-0.00564715
0.641052
0.280222
0.64626
0.12384
0.0139645
0.180824
0.382804
-0.114723
0.0784471
0.00785142
0.10542
-0.0460578
0.0947235
-0.415402
-0.484235
-0.0840438
-0.235224
0.186158
0.271622
-0.243291
-0.0915387
0.160932
-0.342246
-0.244996
-0.124318
-0.286331
0.205274
0.181354
0.395093
0.380544
0.600847
-0.267109
0.286306
0.293777
-0.134752
-0.093856
0.150611
0.253436
0.254147
0.17229
-0.312315
0.360725
0.115002
-0.249463
-0.127222
0.0920669
0.0202179
-0.0887172
0.457126
0.38542
-0.208085
-0.317146
-0.0419531
-0.27667
0.166616
0.0384103
0.58248
-0.0544971
0.933622
0.0537471
0.427586
0.0461368
0.192895
0.254744
0.271254
0.395652
0.0608521
0.237623
-0.0823308
-0.0316928
-0.0177953
0.0772728
0.106279
-0.221817
-0.125519
0.317829
0.481237
0.510401
-0.141643
-0.384551
-0.22236
0.122471
0.137584
0.330159
0.38218
0.308017
0.198247
0.114561
0.557155
0.487617
0.388157
0.36946
-0.165724
0.361491
0.169006
-0.191858
0.292332
0.0895208
0.0423633
-0.188135
0.203892
-0.0524066
-0.118149
0.287532
0.528735
0.298846
-0.263247
0.161903
-0.0451124
0.0282444
0.0520233
0.215364
0.599571
0.246555
0.450969
-0.383222
0.134917
-0.24028
-0.0662194
-0.310898
-0.160747
0.15617
-0.0345127
-0.0301757
-0.134645
-0.233078
-0.302593
0.251757
0.0945742
-0.0794441
-0.387558
0.141437
0.26242
-0.0646717
-0.271686
-0.276185
0.034176
0.161943
0.274201
-0.10683
0.543203
0.463214
0.510719
0.171336
-0.503557
-0.0838834
-0.283528
-0.261823
0.137634
0.0642231
0.497805
0.246607
-0.125863
0.250542
-0.132476
0.148724
0.594232
-0.179852
0.0262451
0.200923
0.475778
0.0485691
0.0225158
-0.137063
-0.340546
0.391555
0.170481
-0.218666
-0.441458
-0.302687
0.480475
0.433484
0.220289
0.30485
-0.0651279
-0.140358
-0.291603
0.32409
-0.11169
0.528402
-0.0408711
0.025589
-0.153876
-0.0261825
0.013334
0.268693
0.0903778
0.0759714
0.0781964
-0.090746
-0.300739
0.0803865
0.0509717
0.0572959
-0.0909403
-0.439365
-0.646171
-0.432863
-0.0544562
-0.0755236
0.336156
-0.228574
-0.42052
-0.433309
0.452043
0.151191
-0.194962
0.0926173
0.0219524
-0.0815374
-0.0959995
0.34976
-0.0619337
-0.148248
-0.353806
-0.0335524
-0.402964
-0.0236828
-0.00559944
-0.249401
0.35833
0.18786
0.149902
-0.267527
-0.338257
-0.387112
-0.248195
-0.107275
-0.432118
-0.33986
-0.378105
-0.420804
0.228285
-0.00369354
-0.0610796
0.0479679
0.300888
-0.0264615
0.0345869
0.0465016
0.177559
-0.0163493
0.0265198
0.191387
0.100472
-0.261829
-0.0454715
0.0925019
0.371664
0.0414616
-0.164325
-0.221767
-0.206606
-0.511509
-0.267743
-0.326202
-0.145461
-0.491225
-0.10836
0.0568492
-0.0373833
0.0130853
-0.0628515
-0.172044
-0.165889
0.289146
-0.23183
0.647393
0.418067
0.151564
-0.0771942
0.168273
0.0726762
0.175534
0.45056
0.142055
0.0444386
0.0650036
0.243066
-0.523857
-0.246356
-0.226256
0.396672
-0.248357
-0.0419516
-0.263092
-0.455221
0.0670918
-0.161624
0.298371
-0.291323
-0.234072
0.174981
0.0514009
0.215956
0.0555591
-0.0331519
0.202495
0.00231934
-0.131729
0.273076
0.245376
0.481402
0.202397
0.0799654
-0.566494
0.0320758
-0.403789
-0.363415
-0.180089
-0.185517
-0.109917
-0.303332
-0.125754
-0.45905
0.0740596
0.17611
0.0938968
0.287301
-0.0568452
-0.129531
0.228676
-0.131929
0.20599
0.0327706
-0.390061
0.275421
-0.169693
0.236069
-0.104835
-0.295961
0.211773
0.176825
0.104135
0.372625
-0.0661701
-0.213489
-0.592871
0.046327
-0.129129
0.547843
0.364266
-0.0851799
-0.0714678
-0.22101
-0.263698
0.107794
0.348666
0.346833
-0.541195
0.230816
-0.00278668
-0.0742287
-0.249142
0.212585
-0.30867
-0.000525562
0.062626
0.354946
0.344732
-0.0931087
0.126928
-0.177895
-0.430206
-0.609472
-0.821189
0.304004
0.133589
0.0132648
-0.14387
-0.102278
0.000534061
-0.15754
-0.0340426
0.0213562
0.225306
-0.106465
-0.0698945
0.136669
-0.0184516
0.268388
0.308655
-0.388275
0.0543976
-0.163524
0.0755373
0.579736
-0.267619
0.449669
-0.160645
-0.225594
-0.0624653
-0.081578
-0.0264694
0.596302
0.324888
0.509449
0.0747124
0.403112
-0.194516
0.0146782
-0.394653
-0.422814
0.0145444
0.296092
0.119428
-0.274244
0.163422
-0.372274
0.189682
-0.284668
0.0237274
0.0998554
-0.0555533
0.682717
0.22779
0.0558174
0.129024
0.262887
0.605599
0.134668
0.626419
0.170195
0.787875
-0.40786
0.0821873
0.331677
0.111588
-0.472593
-0.458672
-0.0816616
-0.213758
0.344232
0.278618
0.33705
-0.0806082
0.163582
-0.452225
-0.422348
0.00946045
0.21405
0.103397
0.227043
0.135536
0.0290185
-0.0194694
0.812408
1.09812
0.451894
0.635168
0.291481
0.203927
-0.0547653
0.371015
-0.174982
-0.181562
-0.24253
-0.272678
-0.160873
-0.0236704
0.0108845
0.136809
0.235931
0.0175018
-0.274765
0.320267
-0.318115
0.282364
-0.0982666
-0.172719
-0.135738
0.121549
-0.0381412
-0.236096
0.477143
0.585018
0.429333
0.673088
-0.0530504
-0.267983
0.164542
-0.319184
-0.151112
-0.303421
-0.332252
0.0939389
0.279471
-0.178421
-0.0831207
-0.0826416
-0.00212097
0.292755
0.181061
0.199677
-0.192612
-0.221558
0.383728
0.289318
-0.146283
-0.0951919
0.17108
0.165092
0.306455
0.18486
-0.00529304
-0.0573116
-0.323547
-0.154999
-0.256439
-0.529784
-0.107814
0.11722
-0.523991
-0.305588
-0.219092
-0.284268
0.236189
0.131775
-0.161499
0.0266876
0.0196381
0.313293
0.146851
0.153702
0.360901
-0.0503998
-0.00999451
0.0710449
0.108704
-0.114044
-0.196205
0.152954
0.213621
0.339966
-0.125702
0.431107
0.0254059
0.284348
-0.215424
0.102478
-0.0915833
0.0797729
0.108597
-0.212891
0.0168762
-0.142349
-0.142746
0.0359955
0.387619
0.152954
0.596951
-0.411194
-0.243973
-0.212921
-0.222412
-0.118195
0.126251
0.000518799
-0.337296
-0.194473
0.0919129
-0.163794
0.0398254
0.212708
-0.0953522
0.270447
0.0333862
0.176056
0.297958
0.0992737
0.126404
-0.00393677
0.0539398
0.0677948
0.355896
-0.0411987
-0.174545
-0.245346
-0.241867
-0.15625
-0.293991
0.204636
0.0639191
0.181625
0.0501099
-0.18866
-0.355988
0.26249
0.0486827
-0.0458605
0.210154
0.394431
0.0237697
0.360657
0.231384
-0.097702
0.0499878
-0.219772
0.185186
-0.0931854
0.223907
-0.173965
-0.0441132
-0.19046
-0.240402
0.128281
0.0366516
0.0625916
-0.195953
0.212906
-0.00863647
0.173935
0.00738525
0.13443
0.1391
0.4674
-0.146372
-0.127929
0.012005
-0.40594
-0.297775
-0.0843203
-0.0060855
0.240962
0.0969057
-0.318844
0.380514
0.257451
-0.0243669
-0.283051
-0.0346438
-0.216492
-0.255341
-0.0627441
0.0268707
-0.171951
0.0917969
-0.141113
-0.470291
0.00860596
0.144028
-0.0345439
0.0711456
0.092511
-0.376795
0.295247
0.0192991
0.107564
-0.402164
-0.0737468
0.0958315
0.12207
0.0985729
-0.0644735
-0.0911424
0.265801
0.0236293
0.0373647
0.00255523
0.312705
-0.0443726
-0.071701
-0.00401306
-0.0336914
0.30162
-0.0943756
-0.408425
-0.154419
-0.354551
-0.0891011
-0.218127
0.246778
-0.417103
-0.275537
-0.070602
0.00199797
-0.144058
0.0985147
0.414324
0.299445
0.188622
0.348354
0.153112
0.0934767
0.388062
-0.28229
-0.119904
-0.125258
-0.0604586
0.111038
0.0775452
0.101624
-0.15126
-0.23809
0.408775
0.0972426
-0.123042
-0.17246
0.0806837
0.177212
-0.143031
0.172354
-0.0636932
0.0524939
-0.304134
0.261468
-0.133464
0.211052
-0.015453
-0.433197
0.168437
0.0319484
-0.404059
0.336028
0.0798867
0.0351385
0.0744404
0.191545
0.13884
-0.0389557
-0.424124
0.150438
0.10948
-0.350344
0.0174618
0.287272
0.00509128
-0.121146
-0.269521
0.315257
0.186529
0.424379
-0.054185
0.0834338
-0.17469
0.117678
-0.246439
-0.0784284
-0.263766
-0.0446873
0.427796
0.0974595
-0.177096
0.249038
-0.179424
0.249398
-0.102097
-0.0709229
0.235605
0.0833434
0.188065
-0.00941933
-0.298721
0.149034
-0.180417
0.0773636
-0.0891431
-0.215522
-0.0693354
-0.0812832
0.11148
0.248371
0.374061
-0.190974
0.0698841
-0.172898
0.156536
0.483633
-0.116318
-0.249782
-0.241237
0.0423967
-0.0790322
0.14236
0.291118
0.352402
0.251959
-0.0231759
0.00599702
-0.230415
0.512284
0.0794458
0.0103353
0.0397793
0.222866
-0.32673
0.305337
-0.138545
-0.0931457
-0.0410521
-0.248237
0.0366471
-0.209613
0.562965
-0.0518766
0.0548785
-0.144003
0.0216203
0.0522414
0.288079
0.059942
0.226453
-0.400045
0.0945282
-0.31582
-0.369506
-0.284009
0.281151
-0.0603755
-0.2274
0.0739854
-0.0835328
-0.281227
0.390058
-0.430232
-0.131904
0.0146337
-0.127941
-0.272667
-0.245531
0.61624
0.244368
0.0890345
0.144258
-0.0458901
0.139347
0.411573
0.185063
-0.0314887
-0.137666
0.274865
-0.1595
-0.00644017
-0.125515
-0.163517
0.221565
-0.109307
-0.0923135
-0.0577926
-0.140952
-0.259744
-0.210206
-0.151042
-0.0315094
-0.0625567
-0.505417
0.0135963
-0.0926229
0.271667
0.199084
0.272906
-0.0140866
-0.0514322
-0.264106
-0.0538429
0.0520161
-0.219119
0.2606
0.123696
0.151627
0.0369577
0.473747
0.142384
0.460233
0.38896
-0.215265
-0.323357
0.159868
0.0605357
-0.000599505
-0.133922
-0.0231691
0.0530425
-0.372093
-0.171428
0.0886433
0.246534
0.2129
-0.00490182
0.109852
0.241754
0.0419645
0.208512
-0.154043
0.312801
0.342203
0.124554
0.270035
-0.185092
-0.0311032
-0.0532803
0.277283
-0.12924
0.0501008
0.0510573
0.110511
-0.0323283
0.181616
-0.258649
-0.0579521
-0.114665
-0.287237
-0.187613
0.00145045
0.0774147
0.153436
-0.614841
0.079524
0.111926
-0.154527
-0.130147
0.222099
-0.393759
0.307679
0.0448115
0.173523
-0.143319
-0.168116
0.0291357
0.12421
0.00745622
-0.0957829
0.210575
0.130183
0.185386
0.354769
0.18899
0.024757
0.0478332
0.162225
0.00377345
0.069377
0.0905418
-0.171474
-0.170857
0.134963
0.368709
-0.059363
0.193841
-0.186631
0.212629
-0.275645
0.373405
-0.119827
0.175971
0.310482
0.221139
0.0172036
0.333714
0.120568
0.0644791
-0.0238946
-0.0111192
0.195222
0.658575
0.0137059
0.0960757
0.159677
0.329678
-0.310592
-0.179038
0.214027
-0.446215
0.25688
-0.294837
0.0346438
-0.10605
-0.0329654
0.214423
-0.292951
0.359911
0.00297546
0.0839466
0.0425367
0.0724878
-0.325878
-0.0922172
0.216139
0.403405
0.176025
0.221929
0.39111
0.391168
0.0125181
-0.0554215
0.381485
0.164663
0.188768
-0.0336519
0.153321
0.0576165
0.200355
-0.0943832
-0.210399
0.193864
-0.201188
0.373132
-0.0687517
0.34549
0.054657
-0.0368852
-0.130543
0.0122045
0.25057
-0.0106108
0.0239181
0.0226143
0.175339
-0.167453
0.645498
0.679732
0.0952738
-0.186881
0.121052
-0.129648
-0.0308984
0.000261867
0.369956
0.142934
0.316466
-0.0256844
-0.0863964
0.0509909
-0.202565
0.10363
0.13642
0.0480176
0.00221252
-0.156709
-0.170582
0.0956593
-0.118435
-0.0751989
-0.254769
-0.0356603
-0.171994
0.0890923
0.0119577
0.668754
0.0486278
-0.02686
0.156609
-0.0722446
-0.132637
0.10696
-0.0265191
0.135135
-0.131846
-0.0347438
-0.119077
0.0975666
-0.102538
-0.286176
-0.15776
0.278465
0.0717468
0.0421167
0.247273
-0.133971
0.281803
-0.332684
0.0105842
-0.0398765
0.085047
-0.114751
-0.183044
0.358127
0.21326
-0.0595941
0.0960849
-0.123207
0.00148836
0.2768
-0.199586
0.110171
0.0258816
0.0409852
0.0382609
0.124836
0.0751892
0.242624
0.0713588
-0.427538
-0.196991
0.216858
-0.374609
-0.0819264
0.407047
-0.0901121
-0.110632
-0.140464
0.0528897
0.0052208
0.199199
0.300103
0.220893
0.0375958
0.123686
-0.0244497
-0.0539532
0.237232
0.0669879
0.143336
0.173618
-0.255148
-0.190463
-0.032197
0.269149
0.311956
-0.0730476
-0.334863
0.354218
0.088562
0.15071
0.177613
0.0771594
-0.143541
0.0564175
-0.124763
-0.21803
-0.212726
0.0715241
0.344388
-0.153994
0.235901
0.050048
0.00891248
0.19895
0.192464
-0.0583417
-0.035496
0.216241
-0.381627
-0.277494
0.0603947
-0.236891
-0.379639
0.0109571
-0.0486754
0.0566711
-0.0648346
0.457523
-0.116217
-0.190559
0.0575134
-0.0772584
-0.0427399
-0.364274
0.150986
-0.0835633
-0.00214166
0.227063
0.16347
0.163218
0.0665002
-0.168259
0.278175
-0.214284
0.166693
0.303894
-0.0654366
-0.22195
0.0130717
0.264752
-0.240978
0.0450166
0.00166321
0.219421
-0.164856
-0.055399
-0.0403273
-0.390399
0.24166
-0.393144
-0.0478385
-0.300186
0.24047
0.184085
0.142313
0.0176794
0.223365
0.189919
0.572424
0.0843882
0.203571
-0.215561
-0.00965561
0.0393771
0.219251
-0.111762
-0.0238548
-0.207221
-0.330635
0.000628254
0.0789185
0.184021
0.159317
0.115627
0.0301651
-0.0927399
0.136169
0.0548661
-0.0309078
-0.237252
0.00136404
-0.0989446
0.23228
0.292828
-0.277166
0.215601
0.295011
0.439444
-0.0182866
-0.101602
-0.25004
0.13462
-0.246941
-0.32717
0.253644
-0.0371023
-0.178636
0.0280821
0.0428467
-0.370819
0.312912
-0.209656
-0.0130519
0.0306208
-0.361756
-0.312855
-0.0682189
-0.445699
0.0999139
-0.180813
-0.167158
-0.314097
0.244216
0.0746221
-0.19172
0.236885
0.271587
0.237563
-0.045395
-0.12562
0.240313
-0.0614585
0.190975
0.0162811
-0.159058
0.127518
-0.0344849
0.125458
0.227707
0.0279236
-0.124213
-0.113961
-0.134223
0.0565528
-0.0954359
-0.101752
-0.133069
-0.161945
0.2702
-0.0878181
0.37726
0.0216511
-0.138324
-0.341937
-0.115773
0.0124252
0.0550064
0.10285
-0.165496
-0.204117
0.184067
-0.104431
0.0749664
0.0869141
-0.00358582
0.439896
0.104324
-0.194733
0.0802247
0.0694506
0.283269
-0.307535
0.106166
0.0935215
0.0368534
-0.260104
-0.298958
0.318405
0.0603636
-0.148739
-0.0905723
0.0166673
0.114354
0.0106909
0.0694014
0.0781208
-0.0512133
0.214485
-0.295197
0.0453491
-0.18956
0.161163
-0.0204315
0.0908356
0.404373
-0.0513763
0.0758057
-0.180954
-0.251343
-0.0573273
0.113739
-0.264832
-0.260498
-0.0874765
-0.154282
-0.346329
-0.0283508
-0.0856934
0.10144
-0.0952301
0.30867
-0.0774536
-0.0166473
-0.106461
0.203171
0.214279
-0.18811
-0.0429077
-0.232773
0.00128174
-0.179184
-0.340512
-0.407379
0.312881
0.102539
0.264587
-0.178741
-0.371094
-0.196548
0.0638733
-0.0346832
0.261495
0.068258
-0.185837
-0.0223083
-0.00746155
-0.260056
0.0305634
-0.427734
-0.0527649
-0.204132
-0.0128021
0.294189
0.236221
0.0522308
-0.0249939
-0.159714
-0.166321
-0.395096
0.309647
0.129227
0.211136
0.0255127
0.0891571
-0.378021
-0.279831
0.306885
0.201981
-0.108315
0.217806
0.0520396
-0.454568
-0.0594906
-0.01297
-0.0492706
0.229187
0.292618
-0.205719
-0.0876617
-0.0575221
-0.234299
-0.152939
0.0736084
0.3508
0.0918121
-0.110062
0.462738
0.162384
0.211853
0.0944061
-0.0490417
-0.329071
0.351181
0.191681
-0.0521851
-0.00545464
-0.163489
0.329226
-0.233413
0.0957279
-0.365033
-0.188505
-0.29984
0.291191
0.372946
-0.166942
0.255937
-0.541626
-0.127694
0.0240968
-0.00820923
0.0481692
-0.00660706
0.0864258
-0.311401
0.280792
-0.232086
-0.0186157
0.0937805
-0.134171
0.00927734
0.219086
-0.253876
-0.119698
0.0834026
0.0758422
-0.355164
0.0833362
-0.336155
-0.268154
0.0212834
0.0703698
-0.385889
-0.140236
-0.127917
-0.835075
-0.255833
-0.253057
-0.0452939
0.324914
-0.0820123
-0.0459595
0.107208
0.00958252
-0.303223
0.138031
-0.105286
0.0608886
-0.107285
0.00952101
0.135606
-0.487748
-0.21785
-0.23669
0.128996
0.180985
0.274626
-0.225971
0.0235681
0.0548079
0.181867
-0.672147
0.157686
-0.270151
-0.0131512
-0.407992
-0.254265
0.496038
-0.17296
-0.171766
-0.308945
0.0228119
-0.138123
0.00735474
-0.112509
-0.0489261
0.290497
0.2023
-0.344401
-0.0979411
-0.108387
-0.0457661
0.172934
0.112483
-0.0502275
-0.290683
0.247892
-0.0199604
0.17499
0.29932
-0.0263411
-0.00344912
-0.301314
-0.0275258
0.102555
-0.066537
-0.425945
-0.305811
-0.127009
0.128571
0.332993
0.389193
-0.0867826
-0.244025
0.0816486
0.148319
-0.320486
-0.641572
-0.14734
0.0344137
0.115318
-0.11007
0.162974
-0.45967
-0.388895
0.219518
0.364795
0.258335
-0.303808
0.0198436
0.0195332
0.245379
-0.00411653
-0.0859926
-0.224477
0.0954488
-0.0760456
0.3237
-0.121643
-0.130751
0.0955328
0.151562
-0.127081
0.129095
-0.171895
-0.251686
0.0358145
-0.12789
-0.13005
-0.0146008
0.121232
-0.0209615
0.0424839
0.313641
0.633149
0.150042
0.247576
-0.10265
0.348783
0.0124317
-0.0299825
-0.107241
0.214348
-0.711197
-0.226242
-0.402795
-0.293121
-0.000179716
0.022691
0.329485
-0.0903438
0.44228
-0.131256
-0.530349
0.20425
0.2412
0.286753
0.299535
0.131802
-0.281046
0.0357648
-0.21499
0.642132
0.236923
0.021022
-0.117169
-0.287737
0.208398
0.162871
-0.161468
-0.500823
-1.09999
0.300643
-0.0125136
-0.0396576
0.228778
-0.260518
-0.105804
-0.140918
-0.525881
-0.181403
-0.170506
-0.414765
0.25788
0.276715
0.186654
0.0735294
-0.151008
-0.401857
0.0776379
0.158125
0.148903
0.233805
0.134942
0.11943
0.300175
-0.147176
-0.488527
-0.28114
-0.540462
0.0106998
-0.185256
-0.0444489
0.0830585
-0.260447
0.00468454
0.149093
-0.0142133
-0.400484
-0.159759
0.262029
-0.0969435
0.318978
0.0569677
-0.105874
0.0818267
-0.157495
-0.110945
0.318494
1.18425
-0.246566
-0.0648422
-0.371918
-0.106966
-0.393983
0.0432416
-0.25432
-0.331007
0.0679522
-0.0246657
-0.32338
0.0864725
0.0511005
0.272355
-0.237964
0.258114
0.317852
-0.397714
-0.291912
-0.0151872
0.273659
0.173247
0.245487
-0.181044
0.322371
0.391203
0.901329
0.761856
1.07412
-0.0649709
0.0646311
-0.332505
0.0828588
0.154204
0.0766962
-0.39481
0.27792
0.0534852
0.016983
-0.0597877
-0.373019
-0.324877
-0.124416
-0.191945
0.0842453
-0.267829
-0.19897
0.131038
0.153422
-0.132501
-0.317368
-0.176693
0.781297
0.349941
0.691814
0.830204
0.522636
0.296592
-0.0583065
-0.0668351
-0.254322
0.031481
-0.155126
-0.120008
0.112564
-0.281964
0.271759
0.00199885
0.188676
0.10645
-0.0349259
0.481181
-0.16889
-0.126585
-0.453028
-0.411917
-0.297567
-0.36098
0.361383
0.42462
0.438476
0.218559
0.0672208
0.622649
0.810545
0.274024
-0.349173
-0.205027
0.122011
-0.50998
0.249604
-0.0929197
-0.158622
0.348455
-0.120148
-0.131376
-0.0461946
0.219295
0.267303
0.0422208
-0.110067
0.262622
0.13403
-0.627999
-0.45966
0.24564
0.123911
0.808089
0.521668
0.204639
0.119542
0.82728
0.276228
0.160141
0.118203
-0.324841
0.00781959
-0.0645303
0.0598986
0.267123
-0.167145
-0.138796
-0.0838776
-0.104006
0.18658
0.261589
0.0867816
0.108295
-0.371161
-0.106995
-0.0297686
-0.21614
-0.800451
0.136452
-0.0377428
0.527889
0.678432
-0.103151
0.49538
0.155827
0.251721
-0.190258
0.0609773
-0.203525
0.00304521
0.147571
-0.234167
0.101688
-0.11648
0.117198
0.333649
0.330477
0.008139
0.132314
-0.132041
-0.0423226
-0.0125457
0.115544
-0.457935
-0.123262
-0.494248
0.0588446
0.0702167
0.0923468
0.124342
-0.040435
0.165338
0.0676481
-0.224466
0.242584
-0.0771124
0.137686
-0.0176911
0.130482
0.345149
0.450077
0.0305689
-0.332164
-0.0441589
-0.245893
-0.0397386
0.221857
-0.282935
0.19446
0.132652
-0.0888049
-0.38998
-0.218744
0.0268506
0.479732
0.355962
0.474968
0.302548
0.222987
0.269622
-0.112899
-0.567294
0.444495
-0.138553
-0.380693
-0.2102
0.292814
0.332582
-0.0599221
0.084147
0.0554341
-0.281342
-0.233221
0.09726
-0.18098
-0.0364324
0.211072
-0.40849
-0.265409
0.10252
-0.127341
-0.632453
0.222948
0.0826684
0.608472
0.184116
-0.204583
-0.184273
-0.656284
0.00412453
0.123135
0.166488
0.533078
-0.171337
-0.000562909
0.242137
0.377131
-0.0242057
0.45586
0.162781
-0.092865
-0.206783
0.00140286
-0.297858
0.25018
-0.357012
-0.333649
0.643074
-0.0228521
-0.463205
0.338114
0.472329
0.780969
-0.392429
-0.324516
0.00422888
-0.688796
-0.533215
-0.0970683
-0.0775679
0.454087
0.340944
0.143592
0.334772
0.160602
-0.368329
-0.154006
-0.324097
0.329834
0.0607583
0.00876003
-0.0999071
0.341127
0.0215894
0.402772
-0.340937
-0.160815
-0.0888636
0.109477
0.197768
0.494315
-0.2255
-0.247378
-0.190879
-0.179371
0.0793637
-0.110298
-0.238217
-0.313079
0.213359
-0.221558
0.242834
0.0794498
-0.0867875
-0.175452
-0.0152893
0.250244
-0.182003
-0.0474676
-0.183555
-0.555051
-0.71574
-0.205835
0.0659745
-0.323271
0.213376
0.860554
0.426993
-0.150921
-0.211875
-0.601114
-0.584686
0.0352353
-0.120864
-0.033767
0.160677
-0.315553
0.434537
0.145693
0.330704
0.0307973
0.311984
-0.298172
0.397247
0.112534
0.135654
0.408662
-0.455093
-0.375624
-0.200285
-0.0687656
0.130699
-0.223484
0.150999
-0.184281
0.172119
-0.647925
-0.536885
-0.693015
-0.434975
0.163605
-0.342736
0.0343936
0.301757
0.111073
0.348046
0.268438
0.30987
-0.312428
-0.191715
-0.141144
-0.204956
0.0223389
0.00875272
-0.0926532
0.0438657
-0.256703
-0.471355
-0.179243
-0.134806
-0.48443
-0.286421
0.0301451
0.149796
-0.42709
-0.400557
-0.360607
-0.43158
0.180839
0.0521497
0.00441457
0.442661
0.391982
-0.0141032
0.585798
-0.196672
-0.358154
0.264777
0.167618
-0.12471
-0.0737152
-0.00180054
-0.00725112
0.41595
-0.0800242
-0.169498
-0.414866
-0.318887
-0.90006
-0.140488
0.115088
-0.113742
-0.315947
-0.557659
-0.179671
0.439248
-0.0466512
-0.118131
0.0353733
-0.0484442
0.532598
0.205275
0.29708
0.143555
-0.125244
0.0293884
-0.126556
0.143051
0.0417633
0.106766
0.028722
0.0541772
-0.0802377
0.0235668
0.105488
-0.261501
-0.636718
0.141102
0.0810178
0.412008
0.0657243
0.331753
-0.225687
0.0857613
-0.336679
0.245956
0.392163
0.0817547
0.0735667
-0.00272152
-0.0432587
0.039444
-0.382858
-0.457306
-0.0504913
-0.346558
0.0366058
0.391953
0.0473377
-0.000312866
0.057735
-0.213299
-0.289417
-0.0892563
-0.182119
-0.231617
0.163184
0.288025
0.306117
0.432829
-0.0913816
0.15296
0.0603858
0.183269
0.275042
0.0414096
0.22451
-0.0158262
-0.0890656
-0.0812683
0.124542
0.172348
0.151398
0.00378418
-0.0411835
0.332321
-0.26355
-0.391296
0.23822
-0.106491
-0.0123901
0.169517
0.408859
0.199841
-0.0537109
-0.256256
-0.265503
-0.0492706
-0.11824
0.226273
0.429306
-0.0956879
0.0487976
0.0241241
0.0406799
0.314819
0.195694
-0.0504456
0.0821838
0.131805
-0.178131
-1.33839
-0.083847
-0.0552216
0.185837
0.307541
-0.113358
0.178436
0.062912
0.200775
0.202225
0.0380304
-0.246805
0.0336456
0.0687866
0.204407
-0.161102
0.12648
0.0723267
-0.220047
-0.306976
-0.0878448
0.311798
-0.0167542
-0.263672
0.256363
-0.218094
0.0946655
-0.0544434
0.0280304
0.00588989
-0.348267
0.111176
-0.0804291
-0.081604
-0.105728
-0.15477
0.0171356
-0.00165387
-0.0371411
-0.15817
0.12554
0.15369
-0.170777
-0.128876
-0.183975
-0.15683
0.0211182
0.0649719
-0.20849
-0.0178528
0.038208
-0.103165
0.412064
0.0519409
0.0620117
-0.0464172
0.0375214
-0.00550842
-0.1017
-0.0595093
0.0934143
-0.157135
0.17247
-0.0609741
-0.108497
-0.394471
-0.221189
-0.0832265
-0.295595
-0.0932867
0.0592324
-0.0242526
0.0611335
0.30882
0.273046
-0.121347
-0.129961
0.0810916
-0.220747
-0.215363
0.180319
-0.0634155
-0.0205841
-0.221664
0.292435
-0.25267
0.0195007
0.110733
0.0589752
-0.0988617
0.229584
-0.271148
-0.0246872
-0.047029
0.323847
-0.0352332
-0.0878485
-0.0424196
0.343722
-0.317845
-0.0831229
0.164402
-0.152959
-0.109963
0.213038
-0.102657
-0.0824231
0.306682
0.00923522
0.127446
0.104248
0.158066
0.234146
-0.0916748
-0.142548
0.122665
-0.386096
-0.000119627
0.235879
0.135174
0.051011
0.239936
0.0936187
0.293498
-0.0686068
-0.366064
0.245029
0.362504
-0.00120298
-0.0717803
-0.124032
-0.0657253
-0.244909
0.413722
0.264234
0.0215075
-0.225565
-0.356291
0.12645
0.191666
0.0493469
-0.17038
0.128479
-0.154603
-0.105392
-0.133412
-0.0666775
-0.240871
0.00580543
-0.0842394
0.0647712
0.323257
-0.462465
0.215146
-0.00833364
-0.238135
-0.105389
-0.181382
0.064539
-0.254691
-0.0180462
-0.0150064
0.0659204
-0.0340584
0.253188
-0.250028
0.0236475
0.144031
-0.087738
0.251312
0.04215
0.0600489
-0.193297
0.038865
-0.00658214
0.0506758
0.166503
-0.171312
-0.0727789
0.347746
-0.14508
0.0227882
-0.0632577
-0.198473
-0.0159094
-0.00792108
0.457942
0.0717021
0.0222215
-0.198855
-0.10235
0.386323
-0.0888223
-0.364673
-0.326548
-0.000566383
-0.0230713
-0.268845
0.161443
0.308844
-0.161694
-0.030018
0.146618
-0.000184856
-0.378148
0.16537
0.311557
-0.14961
0.324098
0.135379
0.0805672
0.276693
-0.0769242
0.0454604
0.219038
-0.24721
0.293112
0.353649
0.385418
0.37582
0.257777
0.370935
0.304166
-0.232687
0.119741
-0.175812
0.0303839
-0.118166
0.0251508
0.0245493
0.0304806
-0.0904399
-0.117805
0.0424932
-0.0543652
0.0152646
0.29356
-0.170339
0.188523
0.400116
-0.050862
-0.0229131
0.348897
-0.152617
-0.354634
-0.139251
0.0680907
-0.216803
-0.0031584
0.14257
-0.0116472
0.0287685
-0.0685039
0.0124512
0.0343207
0.186183
-0.355054
0.0845206
-0.107768
0.00352914
-0.0153223
-0.274018
-0.0553467
0.279732
0.280618
0.0332012
0.226585
0.00884414
0.140078
-0.176489
-0.0911987
-0.0554899
0.357473
-0.0250786
0.096922
0.211949
-0.174359
-0.0771191
-0.0246822
-0.224962
-0.0446909
-0.115295
0.0170361
0.220283
-0.238664
0.0115363
0.242426
0.28456
0.404041
0.235246
0.367369
-0.159231
0.251747
-0.179906
0.517005
0.0721951
-0.0555318
-0.07337
-0.0954855
-0.299713
-0.299371
0.26998
0.0734867
-0.0149108
-0.206296
0.120369
0.069553
0.399923
-0.31166
0.06604
0.154461
-0.0184307
0.0250432
0.00985876
0.218801
-0.0283838
-0.317779
0.144648
0.243022
0.0227081
0.0922543
0.00593039
-0.0861234
0.109155
0.21719
-0.222062
-0.0149574
-0.316915
0.0963872
-0.370813
-0.435285
-0.066468
0.0662223
-0.137357
-0.329786
0.0777523
0.314579
-0.102371
0.0658925
-0.0312404
0.0454099
0.0277754
0.389921
-0.0593148
-0.183647
-0.21192
-0.321765
0.0132697
-0.290107
-0.253679
0.210585
0.0994676
0.33065
0.0523265
0.0620663
0.0186575
0.0368914
0.199556
0.0328858
-0.0196662
0.0220078
-0.0941874
-0.234627
-0.241551
0.206456
-0.13356
-0.327412
-0.0563088
0.15065
0.123257
-0.39809
-0.322566
0.165985
0.076139
0.0625928
-0.0126784
0.0218465
0.082824
0.149745
-0.197794
0.274375
0.0634172
0.438153
0.140403
-0.176943
0.131795
-0.170498
-0.186478
0.0519118
-0.117685
-0.255138
-0.0804458
0.149153
-0.215195
0.339631
0.00953066
-0.0709984
-0.0933674
-0.100467
0.223722
-0.144756
0.476841
-0.0999864
0.25808
0.277804
0.393008
-0.0288049
0.302141
-0.207681
0.329476
0.105556
0.166531
0.492074
0.271423
-0.118229
-0.138161
-0.226205
0.124209
0.0320595
-0.138321
-0.137426
-0.279755
0.219935
0.00583276
0.472219
-0.0336194
0.166168
-0.0444521
-0.298119
0.209437
0.137808
0.217944
0.0807023
0.223961
0.176144
-0.0961745
0.190639
-0.0302673
-0.0422006
-0.305564
-0.048247
-0.0688585
-0.18675
0.288616
0.0510626
0.146627
0.391833
0.192695
0.209304
-0.324951
-0.120731
0.0539034
0.444352
-0.337888
-0.433502
-0.176192
0.0142369
0.0679
-0.0923612
0.103047
0.327277
0.0508543
0.241725
-0.154825
0.119825
-0.0598309
0.0754035
0.0924119
-0.312104
0.245063
0.0372234
0.174137
0.213943
-0.0347303
0.281798
-0.32309
-0.283734
0.0160675
0.169326
0.087553
0.0810184
-0.225225
-0.0941429
0.271514
-0.283063
0.106315
-0.222563
0.14399
0.316289
-0.303614
0.148953
0.382169
0.14154
0.000254039
-0.0311994
0.0670889
0.0683355
0.158648
-0.0407148
-0.324656
0.0600142
0.114688
0.331979
-0.19983
0.296569
0.154266
-0.169395
-0.206094
-0.0866726
0.172731
-0.256784
0.143363
0.0295342
-0.395576
0.0996258
0.214474
0.0239471
0.171778
-0.216839
-0.0162252
0.0664807
0.0918269
0.0596486
0.41661
-0.281294
0.117277
0.301969
0.441134
-0.210084
-0.337996
-0.445997
-0.040985
-0.24786
-0.0254669
-0.120499
-0.297884
-0.168471
0.113167
-0.160372
0.175548
0.189427
-0.0594252
-0.166172
-0.0343963
0.00698848
-0.142946
-0.248094
-0.0160596
0.263116
-0.0117984
0.407622
0.0877234
0.218338
-0.00626684
0.111
0.404743
-0.317953
-0.051732
0.124669
0.218211
0.0141373
0.0153198
-0.293945
0.237707
-0.185579
0.215951
-0.0789835
-0.413851
-0.127065
0.238454
-0.29241
-0.16742
0.0524703
0.120231
0.223173
0.0430433
-0.0339096
-0.32892
0.182188
-0.00786418
0.0230653
0.104571
0.0614743
-0.203306
-0.0951198
0.253844
0.0278369
-0.123526
0.129035
0.398331
0.452866
0.119401
0.00600121
-0.0262561
0.0752896
-0.291767
0.19254
-0.106739
-0.0163735
-0.386172
0.278434
-0.0201962
-0.0384133
-0.128862
0.270599
-0.350708
0.0474355
0.0755501
0.162221
0.326565
-0.268431
-0.364824
-0.159687
0.265686
-0.0685306
-0.220118
0.0114746
0.00820923
0.128555
0.351292
-0.31996
0.220205
-0.035186
-0.277289
0.197612
-0.0280219
-0.00703596
0.224496
0.328625
0.303103
0.399516
0.0209814
-0.326882
0.241162
-0.184218
-0.250195
-0.348989
-0.119882
0.121856
-0.0398553
-0.0467338
0.114484
0.275654
-0.127172
-0.0709381
-0.0778198
-0.0246277
0.0288254
0.0301706
-0.0108393
-0.0245337
-0.136775
0.219406
-0.328805
0.148384
-0.2755
-0.361283
0.0734497
0.158702
0.150371
-0.0461038
-0.0366101
-0.0632058
0.177505
0.197329
-0.318415
-0.178834
-0.350102
-0.35178
0.147511
-0.334703
-0.00381739
-0.254578
0.0898438
-0.413666
-0.0858154
0.200263
-0.265265
0.0680967
-0.0193529
-0.270526
-0.122158
-0.015817
-0.0813544
0.0308869
-0.244253
0.248476
-0.231758
0.173383
-0.297215
-0.188653
0.0303239
0.127214
-0.171888
0.0960919
0.166463
-0.302069
0.128891
-0.0244446
0.444778
-0.0861206
-0.237213
-0.227402
0.227524
-0.0264857
-0.295898
-0.0804052
0.0612431
0.268682
0.237021
-0.0177736
-0.0947262
-0.269497
-0.0414689
-0.224461
0.0382937
0.413261
0.238689
-0.100497
-0.0264568
0.195813
-0.214578
-0.264252
-0.136874
0.0593719
-0.345871
0.220154
0.272568
0.21904
0.174271
-0.319565
0.207321
-0.205212
0.0902475
0.0906266
-0.142392
0.0992644
-0.0939913
-0.00379128
0.119044
0.208896
0.10936
0.208541
-0.16569
-0.164426
-0.0869746
-0.201463
-0.19965
0.216714
-0.00681486
-0.331834
0.0574949
-0.248688
0.364105
-0.328995
-0.152466
-0.231018
-0.0310669
0.158508
-0.08638
0.00187683
0.0894775
-0.00498962
-0.0116425
0.121643
-0.0307901
-0.260529
0.055183
0.0609131
0.218079
0.0907593
0.358109
0.0835876
0.401306
0.0829315
0.155716
-0.39476
-0.0337372
0.0305939
0.232742
0.263275
-0.146805
-0.275879
-0.343964
0.237442
0.580308
0.375092
0.28273
0.319977
-0.112549
0.311523
0.0180206
-0.264053
0.0971527
-0.0768127
0.323099
0.213709
0.269241
-0.143066
-0.0273132
-0.195114
0.0727386
-0.0379944
0.0632782
0.45517
-0.27919
-0.0146179
-0.229416
0.324219
0.353699
0.0170288
-0.142548
0.356079
0.171417
-0.314758
-0.068222
-0.40036
0.316589
-0.39801
-0.0458221
0.278763
0.00733948
0.0585169
-0.00740313
0.109744
-0.0821016
-0.0350986
0.247067
-0.113663
0.321915
0.0689545
0.272095
-0.229385
-0.0463184
0.358002
0.0223236
-0.107239
0.165497
0.295868
0.0890045
0.15654
0.292587
-0.25206
0.213577
0.312729
0.295471
0.180389
0.0448761
0.279282
0.150848
0.109788
0.124057
0.220666
-0.0727589
-0.210967
-0.207897
-0.138893
-0.231019
-0.384907
-0.222736
-0.0608705
0.0010733
0.0215797
-0.35667
-0.100479
0.335501
0.0326385
0.0203705
0.462723
-0.166946
-0.106689
0.0211639
-0.20636
0.00559998
-0.272797
0.336243
-0.0219193
0.116168
-0.12674
0.0561721
0.0480442
-0.241906
0.0900101
0.187408
0.209991
0.228556
-0.162906
0.208152
0.0587001
-0.0813239
-0.0500901
0.0876175
-0.186685
0.142911
0.291759
0.158356
0.132996
-0.310349
0.239807
-0.157425
0.231522
-0.182323
0.193281
-0.00262311
0.41697
-0.121508
0.0285683
-0.183247
0.102033
0.325079
-0.219602
0.000499439
0.0575002
0.0476722
0.175644
0.40217
0.221294
-0.0131577
0.125081
0.435329
0.207392
0.114901
-0.118389
-0.105215
0.0522614
-0.00126648
0.0614166
0.0655212
0.412465
-0.0117005
0.247763
0.274283
0.337772
-0.193775
-0.166587
-0.249723
-0.354789
-0.000590307
0.00997238
0.11996
0.355405
0.188649
0.460208
0.207938
0.28365
0.123878
0.172589
0.222496
-0.0471673
0.0468637
0.263645
0.330052
-0.123995
-0.184204
-0.0951691
-0.457622
0.188661
0.061435
-0.0577597
-0.0145849
-0.436971
-0.279604
0.0452999
-0.210032
-0.0746502
-0.0541981
0.176013
0.658782
0.279485
0.326083
-0.17267
0.208745
-0.365963
0.23577
-0.519109
0.100229
0.0464966
0.00277232
0.0118629
-0.257729
-0.546571
0.0453033
-0.0433807
-0.146511
-0.187798
-0.119558
-0.059946
0.281536
0.0849819
0.187688
0.010267
-0.494579
0.0511908
0.093066
0.124219
0.374861
0.320722
0.353
0.581214
0.0442806
-0.058132
-0.168995
-0.225825
-0.258773
-0.346523
-0.302018
-0.0448132
0.41263
0.341545
0.120719
-0.339554
-0.0790921
0.231866
-0.412519
-0.540796
-0.333834
0.28895
0.0271586
-0.353602
-0.230795
0.0164302
0.141596
-0.206158
0.227069
0.376006
0.395624
0.0552196
0.306834
-0.33389
-0.156629
-0.501435
-0.0540408
0.0901943
-0.253078
-0.0343924
0.420472
-0.156347
-0.0640028
-0.415787
-0.215994
-0.268923
-0.0802812
-0.485643
-0.214516
-0.0364575
0.0203127
0.218403
-0.0970386
-0.264578
-0.00917676
0.253994
-0.0911372
0.524091
0.102805
0.0704842
-0.43007
-0.682199
-0.154306
-0.425023
-0.047692
-0.200094
0.187252
0.00607443
0.250264
-0.168552
0.00133295
0.037323
-0.364256
-0.252004
-0.21449
-0.361347
0.241
0.227735
0.0249371
0.0713949
-0.0884215
0.16541
0.216828
-0.0222569
0.0709638
0.498617
-0.0861181
-0.15109
-0.396702
-0.196013
-0.365352
-0.550597
-0.635303
0.298515
0.113224
-0.219215
0.418679
-0.134427
-0.0124902
-0.0621948
-0.344199
0.0675289
-0.533903
-0.217554
0.249094
0.282389
0.192286
0.36559
-0.304199
0.127517
0.174157
0.361205
0.042263
0.153472
0.0191371
-0.461557
-0.0547571
-0.657917
-0.834017
-0.35462
-0.261896
0.301246
-0.211001
-0.128331
0.282422
0.0581308
0.110617
0.429474
0.0373221
-0.101955
-0.590464
0.000670074
0.122391
-0.0644422
0.761664
-0.0196415
0.326547
0.0600555
0.119762
0.123887
-0.386762
-0.300503
-0.350528
-0.0743552
-0.374738
-0.502646
-0.0636727
-0.476936
-0.399317
0.310193
-0.293465
-0.670533
0.502622
0.367684
-0.0538434
-0.250763
-0.00584814
-0.520926
-0.682305
-0.269458
0.167995
0.14778
-0.0515398
0.217006
0.126472
0.0392665
0.150962
-0.423306
-0.176661
-0.221086
-0.410299
-0.264782
-0.15091
-0.355483
-0.484877
-0.234786
-0.115687
-0.267143
-0.021951
-0.316584
0.482205
0.083582
-0.0457923
-0.155838
-0.20134
-0.100796
-0.520602
-0.0463194
0.0367913
0.0782283
-0.131351
0.0723337
0.0424617
-0.28829
-0.241483
-0.0100078
-0.0369465
-0.396267
-0.309299
-0.435502
-0.263172
0.0678379
-0.0959413
-0.163884
-0.294875
-0.130026
-0.296462
-0.246615
0.338322
0.0361719
0.208688
0.238693
-0.48767
-0.365501
-0.478576
-0.163794
0.191901
0.231417
0.248211
-0.0801646
0.104681
0.410484
-0.0561692
0.131426
0.0238089
-0.263222
-0.0518352
-0.0429079
0.180167
0.0950345
-0.162064
-0.305626
-0.380952
-0.0370432
0.0804001
-0.229932
0.00682454
0.0732694
-0.141252
-0.348099
-0.0692523
0.0439763
-0.439519
0.106358
0.0425439
0.01438
0.43271
0.13656
0.573718
0.213974
-0.390193
0.225187
0.242911
-0.156355
0.21532
-0.0198316
0.463386
-0.429649
-0.0340177
-0.0800191
0.126541
-0.0842816
-0.113938
-0.144675
0.366563
0.0276583
-0.0629618
-0.135406
-0.420868
0.249323
-0.138142
-0.379579
0.0221847
-0.094441
-0.159053
0.630846
0.332498
0.34656
-0.224556
0.201857
-0.175738
-0.00882311
0.371213
0.367437
0.00576027
-0.429739
-0.238252
-0.491984
-0.365428
-0.065628
-0.165939
-0.0560193
0.460938
0.535954
0.0344933
-0.163452
0.173915
-0.0798174
-0.461123
-0.0191503
-0.0812722
-0.032203
0.589408
0.247864
0.372741
0.412672
-0.0542287
0.13862
0.108324
0.179341
-0.0690348
0.45974
0.0326156
-0.542444
-0.505863
0.0327431
-0.115056
0.18617
0.174208
0.0948876
0.221617
0.155724
0.277504
0.0736847
-0.30014
-0.169313
-0.308419
-0.485204
-0.0274873
0.399401
0.395858
0.118009
-0.392637
0.359248
-0.0210689
0.156027
-0.182007
-0.0578151
0.473382
0.177046
-0.0762704
-0.179105
-0.207587
-0.257507
-0.554792
-0.1363
-0.478192
0.274411
0.168419
-0.282869
0.0193794
-0.254807
-0.420609
0.0285142
-0.116207
-0.132966
0.0506293
0.0397943
0.193089
-0.070551
0.290105
0.0184107
0.00736402
0.00355194
0.0658131
0.0472705
0.477015
-0.131615
-0.140744
0.06431
-0.180287
0.122493
-0.356749
0.0554358
0.229
0.172318
0.192997
-0.145827
-0.0772885
0.0509033
0.0419312
-0.17238
-0.149662
0.0212669
0.200672
0.171368
0.437771
0.0362744
0.356561
-0.515709
-0.228735
0.385174
0.251285
-0.138158
0.448491
0.145132
-0.233125
-0.138016
-0.515067
0.166386
0.116382
-0.0613972
0.00243564
0.0046179
0.0964279
0.0322018
-0.052124
0.338242
0.136581
-0.0146
-0.0367386
-0.0903485
0.413724
0.354082
-0.0409687
0.469444
0.201604
0.0430832
-0.370241
-0.128939
0.359079
-0.213559
0.455916
-0.0780898
0.131264
-0.106295
0.0053676
0.106625
0.352996
0.0330401
-0.252875
0.476542
0.400973
0.324284
0.428391
-0.030426
0.0464172
-0.0554676
-0.0594261
-0.303221
-0.200375
0.502874
0.387479
0.0800556
0.25886
-0.17489
0.0665801
-0.196822
-0.0871203
0.00757479
-0.0564163
0.245114
-0.123743
0.0928751
-0.468333
0.191273
0.172275
-0.0885654
0.172142
0.0102267
-0.200016
0.0819361
0.191696
0.439346
0.14328
0.356171
0.0559721
0.0388314
0.0787754
-0.0245917
0.0765531
0.251257
-0.0460453
0.144759
0.312812
-0.171479
0.270488
-0.0265126
0.324885
0.181165
-0.178076
-0.291887
-0.35547
0.144544
-0.186307
-0.167942
-0.218632
-0.281464
0.0704498
0.11882
0.398544
0.241257
0.292374
0.304199
-0.47778
-0.206957
-0.306257
0.192535
0.467331
-0.220212
0.136018
-0.107977
-0.0254179
0.0607414
-0.0371679
0.0378439
0.197822
0.228101
0.133609
0.0363186
-0.206984
0.0631341
0.313912
0.443114
-0.125854
0.115234
0.186935
0.301636
-0.27739
-0.0145264
-0.0929565
0.306076
0.236896
0.285337
0.0658847
0.114055
0.171592
-0.240504
0.163573
-0.0710569
-0.205667
0.0660095
0.138332
-0.0905733
0.0395167
0.138794
-0.236141
-0.0244494
0.155797
0.0630987
-0.26752
0.027842
-0.147018
0.23381
0.00401306
0.122314
-0.219757
-0.234222
-0.246613
0.0536194
-0.374176
0.0828094
0.248489
0.318115
0.0643768
0.0953367
0.0405426
-0.0458025
0.15065
0.0923157
-0.0289612
0.115479
-0.0476379
-0.456863
-0.0704041
-0.115524
-0.0670776
0.436264
0.361694
-0.150513
0.0843658
0.0279541
0.0265656
-0.0783691
-0.189941
1.26165
0.00495911
-0.094101
0.0576324
0.0391998
-0.0430145
-0.178696
0.201599
0.0144348
0.129913
-0.0269843
0.178094
-0.0597992
-0.384033
-0.235809
-0.140945
0.0378265
-0.139832
0.283127
0.201996
-0.292404
-0.0819092
-0.393219
0.115967
-0.0259705
-0.0361938
-0.120544
0.102737
0.181259
0.0475311
0.131393
0.137939
-0.0616913
0.103516
-0.150787
0.303955
0.314407
0.208547
-0.181857
-0.310756
0.318523
0.0995463
0.0821853
-0.0619507
-0.0765076
0.372498
-0.0152893
0.299591
-0.126763
0.114456
0.0187225
0.0944366
-0.0617218
0.0339966
-0.243103
0.180573
0.226944
0.0336456
-0.0997772
0.0695648
-0.348221
-0.0453339
0.0980682
0.309296
-0.0173552
0.109269
0.0196532
0.209809
0.0842616
-0.0403127
-0.318554
-0.240222
-0.104687
0.104314
-0.0360327
0.213105
0.160788
-0.110534
-0.00811183
-0.0550995
-0.206008
0.0190887
-0.111328
0.227295
0.11412
-0.312561
0.0262451
-0.15062
-0.301071
-0.393631
0.22818
-0.182064
0.0280048
-0.129552
0.338318
0.358087
0.234688
0.234368
0.00921933
0.13031
-0.0460035
0.0923114
0.106629
0.0921543
0.186576
0.295075
-0.0279027
-0.253256
0.282908
-0.430366
-0.0749512
0.267654
0.11261
-0.140762
-0.0406189
0.198227
0.112701
-0.224918
0.0798486
-0.144094
-0.168015
0.170943
0.438413
-0.11964
-0.0242585
-0.11905
-0.102529
-0.063452
0.0778493
0.203014
0.3618
0.261358
-0.0613132
0.365696
-0.221095
0.0668754
-0.434802
-0.272103
0.315283
-0.402802
-0.0709839
0.330292
0.0276489
-0.257143
0.0621129
-0.0209394
0.193441
0.0664394
0.0311836
-0.135272
0.0699751
0.406004
0.0130582
0.0458055
-0.265396
0.0884786
-0.222378
0.326103
0.409465
0.26071
0.178306
-0.0272574
-0.219576
0.187116
0.204576
-0.158357
0.107513
0.485054
-0.176102
-0.132553
-0.0685475
0.448446
-0.292282
0.0521939
-0.27957
-0.00321929
-0.0502738
0.327897
0.013592
-0.0600375
-0.64461
-0.552749
-0.189908
0.210534
-0.0404547
0.246196
0.776665
0.338848
0.108382
-0.0960395
-0.0497126
0.218261
-0.278232
-0.0644565
-0.215978
0.0148918
-0.0210571
0.0278015
-0.0221608
0.257305
0.371345
0.398143
0.0617939
0.0376368
0.247543
0.0762365
0.0633374
-0.232731
-0.140646
-0.317508
-0.420545
-0.0690113
0.144073
0.0498816
0.304485
0.295381
-0.034165
0.535674
-0.286305
-0.102856
-0.284011
0.376462
0.44016
-0.0319741
0.113789
0.213455
-0.404863
0.122145
-0.176328
0.202414
-0.0325829
0.392604
-0.182877
0.0898959
0.0471611
-0.087061
-0.252704
-0.593281
-0.144083
-0.181709
0.0650592
0.218004
0.0911353
0.417568
0.160843
0.129925
-0.0491413
0.202474
0.0383747
-0.129043
0.275607
0.395952
-0.119078
-0.0238342
0.0246259
0.0713684
0.353734
0.204057
0.367965
-0.236746
0.485719
-0.0591413
0.133248
-0.302472
-0.0349073
-0.304493
-0.169412
-0.152207
0.0473854
0.759446
0.321026
0.446057
0.233456
0.204639
0.0200965
0.375312
0.0559564
-0.159171
-0.0717846
0.290631
-0.0942694
0.0720215
-0.129006
0.20789
0.331656
0.151899
0.191574
-0.276151
0.145809
0.0929278
0.193763
0.378354
-0.669456
-0.796621
0.0517872
0.142103
0.417795
0.102968
-0.319059
0.404838
0.40068
0.155134
0.0850955
-0.0108563
0.138366
-0.0383001
0.113409
0.460713
0.172848
0.266159
-0.160262
-0.176916
0.17546
0.119955
0.0986128
0.241837
0.359295
-0.0440289
0.265097
-0.155269
-0.0911845
-0.642307
-0.303934
-0.100864
-0.108776
0.00654379
0.284777
0.221606
0.666981
0.31916
-0.156224
0.455603
-0.190967
0.410644
-0.1786
-0.0266308
0.302249
0.387421
0.238444
0.0534368
0.185849
-0.344475
0.159204
-0.398143
-0.223859
-0.0300337
-0.0723367
-0.0859284
-0.167163
-0.826013
-0.870023
-0.740709
-0.511959
-0.0754307
0.0586027
0.466391
0.467808
0.251116
0.188372
0.0281201
-0.00762806
-0.057024
0.172006
0.161134
-0.247197
0.133072
-0.0438971
0.241718
0.722623
0.206719
0.25431
0.100415
-0.0181288
0.238344
0.192919
-0.0392485
-0.435835
-0.920698
-0.514201
-0.149128
-0.537397
-0.0784131
-0.670227
-0.156784
0.49817
0.591998
0.099302
-0.0886181
-0.0611191
0.406828
0.0166771
0.498425
-0.247252
0.123444
0.0201225
0.24552
0.519126
0.330442
0.143624
-0.0588199
0.0259741
0.195324
0.648991
-0.120175
-0.397468
-1.36249
-0.771852
-0.670642
-0.241556
-0.468989
-0.178166
0.146649
0.298234
0.0266674
0.44282
0.322153
-0.122339
0.112282
-0.025436
0.445645
0.2398
0.206711
-0.152031
0.336615
0.844349
0.0396932
-0.0945283
-0.167909
-0.185321
0.14561
0.799476
-0.0912035
-0.564282
-1.0319
-0.121337
-0.265722
-0.279374
-0.197711
0.0291891
0.215199
0.100895
-0.13499
-0.100641
0.00538646
-0.0640819
-0.0830231
0.42698
0.562758
-0.0900553
0.0134583
-0.135864
-0.249226
0.523543
0.087525
0.418757
-0.0200688
0.0162497
0.257426
0.221861
0.0161938
-0.0153881
-0.739791
-0.34543
-0.373465
0.115495
-0.310783
0.0382488
-0.151849
-0.149502
-0.0147097
0.33946
-0.0483706
-0.260213
0.247929
0.27153
0.449627
-0.182569
-0.238556
-0.115815
-0.0297598
0.458286
0.184317
-0.335429
-0.1097
-0.0817984
-0.0432612
0.180934
0.3297
-0.0211031
-0.315927
-0.458594
-0.421401
-0.331728
-0.20068
0.16584
0.0763914
0.0215163
-0.137387
-0.170627
0.200364
-0.228064
-0.145801
-0.0402383
0.462699
0.0952177
0.310303
0.41702
-0.0252818
0.38288
0.352063
0.132209
0.323077
0.0495333
0.155849
0.135814
0.117945
-0.0659548
-0.359615
-0.233461
0.0990743
-0.218842
-0.0690917
0.11711
0.334132
-0.100694
0.10675
-0.0369602
-0.118595
0.327044
-0.237978
-0.288226
0.0225871
0.0101183
-0.033844
0.00227356
-0.0603701
-0.117613
0.17072
-0.0516624
-0.142873
0.159527
0.0448202
-0.259358
0.0733236
0.190376
-0.133306
-0.547109
-0.373673
0.28206
0.0422969
0.167887
-0.335154
0.165989
-0.139907
0.0390025
0.0949643
-0.533196
0.0220112
-0.283199
0.0666682
0.497542
0.0363922
0.216553
0.0194442
0.243219
0.126495
0.320758
0.459266
-0.574435
-0.155801
0.0561139
0.244933
0.00129268
-0.525605
0.169189
-0.277109
0.178124
-0.277603
0.0637739
-0.0574195
0.136167
0.159208
-0.13103
0.280064
-0.0293764
-0.39088
-0.217969
0.0685526
0.119911
-0.365738
-0.128479
-0.163562
0.213229
0.270954
0.277426
-0.55349
-0.763429
-0.0875222
0.125928
0.0743863
-0.0288647
0.20293
0.0999846
0.386618
0.141411
-0.0416331
0.0839926
-0.245791
0.00032568
0.130649
0.023264
0.388741
-0.0806913
-0.36697
-0.191867
-0.0192192
0.428757
-0.266342
0.0288696
0.0597594
0.116967
0.151601
0.146002
0.11013
-0.27173
-0.0378094
0.190455
-0.191197
0.195363
0.131398
0.478084
0.257942
0.233072
-0.337905
-0.0347747
0.0655614
-0.00578854
0.20507
0.283983
0.264179
0.134518
-0.434063
-0.086028
-0.0588486
-0.172104
-0.0262909
0.237869
0.345741
0.00738056
-0.0229578
-0.136409
-0.222757
-0.398217
-0.45171
-0.775791
-0.288575
0.00112537
0.598315
0.309359
0.421239
0.282832
0.251464
0.338263
0.718408
0.52321
0.201824
0.18153
0.194947
-0.280684
-0.047409
-0.173461
-0.0453105
0.065506
0.213562
0.0274963
0.100357
0.269829
-0.129199
0.155764
-0.204442
-0.513517
-0.524902
-0.470078
-0.254241
0.0808763
0.482792
0.345468
0.425743
0.613942
0.258998
0.697319
0.400626
0.298298
0.476985
-0.143686
-0.057679
-0.011038
-0.206131
0.148972
-0.0309601
-0.307098
-0.163025
0.148651
-0.246674
0.370795
0.218423
0.175535
0.0331037
-0.402308
-0.289822
-0.874556
-0.678069
-0.103686
0.256986
-0.0561914
0.0358565
-0.177514
-0.166815
0.0285861
0.501119
-0.103668
-0.0927531
-0.230131
0.203217
-0.373169
0.282928
0.214203
-0.00144958
0.159119
-0.192917
0.0663605
-0.338318
-0.394464
0.310707
0.404756
-0.288869
-0.232733
-0.57947
-0.150654
-0.0435824
0.21901
-0.144058
0.0499733
0.190824
0.180551
0.266545
-0.30484
0.422473
-0.171158
-0.00201062
-0.221105
-0.12306
-0.0684052
0.258011
-0.201309
0.0065155
0.178055
-0.0289459
-0.298065
0.289185
0.133911
0.0614624
-0.0645142
-0.0487518
0.164795
-0.271844
-0.230164
0.12626
-0.161301
0.170273
-0.130692
0.00869751
0.121323
-0.101715
0.112335
-0.304977
-0.178604
0.188507
-0.338242
-0.14183
-0.214035
0.117554
-0.214813
0.109528
-0.154266
0.666131
0.425201
-0.364075
0.0103455
0.220169
0.0198364
-0.417526
-0.0862579
0.0921631
0.0727539
-0.314716
0.00935054
-0.234665
-0.0263824
0.154465
0.0157013
0.158371
0.0683746
0.306656
0.111267
-0.168274
-0.020401
-0.0518799
0.380173
-0.00444031
-0.323242
0.00738525
0.00743103
0.267502
0.2966
-0.0819092
0.22406
0.180466
-0.286606
0.251877
0.00263977
-0.0595703
-0.146804
0.0801139
0.00305594
-0.0643839
0.292528
-0.292674
-0.235062
-0.012207
0.0280609
-0.134262
0.158829
-0.0919538
0.0873413
0.0149994
0.0756226
0.0663757
-0.160904
0.162857
-0.125168
-0.243347
0.059494
-0.00239563
0.0792999
-0.397522
-0.24559
-0.224792
-0.17952
0.228587
-0.292975
-0.0943061
-0.496659
0.0338893
0.407419
0.0641459
-0.0963214
0.123238
-0.0717876
0.47598
0.193774
0.152432
-0.0865968
0.26162
0.0220184
-0.400501
-0.00740051
-0.268692
-0.106644
0.0124054
0.382294
0.0618439
0.309265
0.00697327
0.126419
-0.323486
-0.375407
-0.165805
0.135589
0.251062
-0.00978041
0.218328
0.185862
-0.113284
-0.0271616
-0.070228
-0.000215327
-0.133313
0.428773
0.357433
0.373906
0.159617
-0.000522395
-0.335507
-0.0446175
0.240494
-0.140854
-0.377655
-0.149429
0.0533142
0.443329
-0.357859
-0.18074
0.388767
0.14248
-0.189641
-0.206744
-0.0103144
-0.148052
-0.0537719
0.354579
0.00174989
-0.480358
-0.123515
0.240865
0.489234
0.313297
0.558221
0.257932
0.428902
0.04108
0.0123907
-0.397441
0.0321906
-0.213562
-0.363678
-0.290604
0.349319
-0.0750391
0.227315
0.273316
0.0272663
0.0962136
0.34912
-0.164082
0.369633
-0.0311951
0.187426
-0.0385991
-0.156528
0.169312
0.024858
0.579306
0.948714
0.616442
0.180005
0.421254
0.0897428
0.0142357
-0.5668
-0.10853
-0.091183
0.0124683
0.120956
0.355453
-0.302293
-0.00190563
-0.107056
0.145495
0.169441
0.0636248
0.210384
0.20685
-0.133251
-0.196501
-0.508246
-0.293793
0.0706786
-0.104579
-0.138705
-0.523567
0.307164
1.03799
0.595089
0.526397
-0.0472218
0.05819
-0.0656231
-0.552327
0.0495326
0.10824
-0.0355682
0.0791931
-0.127595
0.230098
0.0733567
-0.0982255
0.02791
0.376347
-0.267659
0.066606
0.111573
-0.196565
-0.0018775
-0.562293
-0.233971
-0.509582
-0.416575
-0.216174
-0.396167
0.0576631
0.518682
0.216126
0.259824
0.621274
-0.225585
0.0939725
-0.352711
-0.180509
-0.0699539
0.0570374
0.139703
0.0449206
-0.309511
0.0874805
0.119321
0.211177
0.0628144
0.0473421
0.430379
-0.249916
-0.260166
-0.283857
-0.122063
-0.155334
-0.282358
-0.443969
0.117708
0.188379
0.636688
0.11289
0.709943
0.509689
0.315445
-0.213137
-0.480546
0.159158
-0.0407148
-0.406387
0.412317
0.170389
0.112954
0.0120252
0.233222
-0.0603132
0.0192803
0.00131299
0.0195089
-0.199376
0.0706439
-0.0548368
0.294347
-0.101297
-0.0498855
-0.272319
-0.135115
0.0366196
0.304622
0.578882
0.00670034
0.0268343
0.0374319
0.297734
0.170867
-0.283487
-0.227252
-0.386108
0.180416
0.242962
0.239864
0.227804
0.193471
0.157272
-0.166725
-0.0712848
0.175061
-0.151054
-0.118036
-0.253864
-0.324215
0.0595904
-0.110473
-0.473734
0.163137
-0.0999326
0.285618
0.421692
0.111851
0.457172
0.181242
0.218454
-0.537721
0.0847886
-0.0451858
-0.0945587
0.216624
0.0800446
0.0659128
-0.095078
0.0598398
-0.0908276
0.129923
0.0927542
-0.0122235
-0.163497
-0.405954
0.0589194
-0.201349
0.148391
-0.37673
0.0816519
-0.115427
-0.244208
0.280846
0.107479
0.190744
0.608303
0.45688
0.0761281
0.18358
-0.356522
0.0404608
-0.389511
-0.0222856
0.0507483
-0.0341531
0.505252
0.204062
0.332142
-0.182315
0.0169856
-0.182214
0.169381
0.0518456
0.0975187
0.333953
0.117106
0.174259
0.157031
-0.539871
-0.112282
-0.027472
-0.354901
-0.212762
0.613751
0.604089
0.385842
0.0243026
0.0260469
0.109202
-0.0317535
0.263928
0.0277745
-0.13458
0.458765
0.594658
-0.259585
0.235099
-0.354528
0.0266782
-0.200846
-0.122973
0.313199
0.375866
-0.0239216
0.0548349
0.397501
-0.136376
-0.144182
-0.0696026
-0.152635
0.0718877
0.0390244
0.521751
-8.75966e-005
-0.14056
-0.170942
-0.197928
-0.193008
0.220436
0.0588918
0.0608943
0.465733
0.493011
0.172504
-0.00493143
0.129852
-0.352433
0.140296
0.407079
0.407491
0.295108
0.251888
0.0981389
0.0787714
-0.369197
0.241645
-0.156715
-0.353115
-0.03735
-0.0585261
0.697725
0.244223
-0.340362
-0.152864
0.102348
-0.213669
-0.0210678
0.247889
-0.228884
-0.0868054
0.11537
0.18154
-0.0565418
-0.122233
0.202802
0.222876
0.0119885
-0.0613294
-0.748764
-0.452068
-0.459105
-0.513649
0.182441
-0.102206
0.282601
0.0827495
-0.44182
0.176309
0.808759
0.288464
-0.193508
-0.163953
-0.209951
-0.110626
-0.0334775
0.0306288
-0.019798
0.389411
0.266677
-0.055857
-0.115249
-0.0654621
0.440768
-0.105156
-0.46705
-0.458001
0.0645616
-0.666722
-0.684816
-0.19769
-0.197701
0.248
-0.101291
-0.153016
0.0549419
0.450487
0.413495
-0.0167213
-0.485368
-0.636322
-0.34026
0.164856
-0.106827
-0.129446
0.144438
-0.0748798
0.1395
0.275676
0.157222
-0.328315
0.447001
-0.320837
-0.468878
-0.30741
-0.296779
-0.570677
-0.308549
-0.103358
-0.227913
0.30728
0.317424
0.407172
0.0392039
0.324608
0.314968
-0.313886
-0.347881
-0.465645
0.251119
0.219406
-0.151698
-0.0320092
-0.559624
0.0493846
-0.0563442
0.350137
0.0916203
0.0016632
0.247095
-0.0439881
-0.0951486
-0.0441535
-0.155739
-0.769004
-0.261828
-0.251354
0.119734
0.189454
-0.101898
0.231403
0.445044
0.22394
-0.0157951
-0.0382477
-0.303513
0.0797335
0.121426
-0.040329
-0.31514
0.16669
-0.363544
-0.06061
0.371754
0.232586
0.57831
0.289859
0.449666
0.0878658
-0.356276
0.0320246
-0.173549
-0.345928
-0.412083
-0.471569
-0.00153512
-0.427624
0.12159
0.252914
0.573059
0.536044
0.457452
-0.240656
-0.233292
-0.0271716
0.267015
0.0845947
-0.156143
-0.321705
-0.081107
-0.205579
0.260583
0.241803
0.344406
0.256481
0.0865063
0.000899066
0.137332
-0.346246
-0.31088
-0.469931
-0.412591
-0.213932
0.0208844
0.118063
0.390165
0.376901
0.511346
0.0822814
0.0496749
-0.096307
-0.281086
-0.144945
-0.359176
-0.172516
0.104141
-0.0627812
-0.047408
-0.166694
0.396176
0.528216
-0.109328
-0.275155
0.329302
0.171662
-0.114354
-0.159676
-0.575456
-0.74552
-0.648559
-0.0271502
0.232459
0.237263
0.390613
0.514491
0.420594
0.349484
0.0574288
-0.0431925
-0.225309
-0.139505
-0.0656433
-0.051712
-0.022934
0.0864754
0.364852
0.13098
0.0949999
0.265917
0.238949
-0.0361897
0.593636
0.223786
0.359666
-0.304517
-0.30669
-0.557002
-0.157271
0.130643
0.572882
0.180521
0.359813
0.421251
0.0716196
-0.0794783
0.354787
0.28369
0.284656
0.184437
0.150986
-0.0242615
0.393127
0.0734094
-0.201524
-0.144113
0.242636
0.302697
0.00614428
0.00743429
0.465879
0.410456
-0.119795
0.0258835
-0.206892
-0.0866543
-0.370344
0.351212
0.559785
0.316315
-0.0282588
0.0427267
0.193234
0.0750741
-0.377855
-0.152307
-0.0852801
0.285386
0.012207
0.199585
0.13179
-0.0383911
-0.0955417
-0.0778361
0.255619
0.340458
0.529971
0.463984
0.310243
0.285084
0.0376244
0.209232
-0.0816058
0.461587
0.390856
0.497766
0.545467
0.275909
-0.10812
0.400392
-0.127426
-0.122298
-0.0306506
-0.292038
-0.193207
0.120209
-0.204636
-0.0873108
0.00100708
-0.435776
-0.173639
-0.313205
0.04244
-0.0799518
-0.00930127
0.673332
0.0908631
0.267835
-0.0294418
-0.178107
-0.0266364
-0.117909
-0.223732
0.383265
0.227164
0.107178
-0.24408
-0.00266317
0.137543
-0.0522295
-0.0366364
0.0822449
0.13147
-0.134079
0.388382
0.403336
-0.233002
-0.171799
0.00134878
0.196865
0.0363939
-0.0696882
0.159671
-0.0969046
0.115974
-0.245982
0.207056
0.18837
-0.337661
0.0144299
-0.0960352
-0.00745304
-0.0708393
0.347594
0.232158
0.349474
0.0344439
0.14768
0.0592194
-0.154556
0.0740204
0.231781
0.0944824
-0.302658
0.333954
-0.0620728
0.0332336
-0.0725861
-0.28331
-0.277451
-0.0635071
-0.334919
0.0679932
0.0292835
0.218018
-0.295029
-0.190887
-0.0335541
0.40213
-0.148163
0.319489
-0.211975
0.131653
-0.0337372
0.0696411
0.0533447
-0.0744476
0.297287
0.0039978
-0.409851
0.186844
-0.321185
-0.519177
-2.75966
-4.26048
3.78899
-1.5837
-3.58107
-2.01652
1.70384
3.50782
0.742412
-2.75856
-6.60334
-1.72523
1.43967
1.41688
-0.351663
1.57039
-0.516033
-1.51442
-3.55653
0.454548
0.195478
-1.80139
-2.47423
-2.6919
-2.39529
-1.70651
3.80476
-1.96402
-1.65747
5.38487
1.91397
-1.78606
1.06753
-1.93282
-3.32056
-5.16148
0.63423
-3.32635
0.147196
-0.407326
-3.00954
3.01574
-0.494278
-0.483915
4.62746
-1.03863
-4.60294
-1.81009
2.16844
-1.19355
2.33359
-1.85639
-2.85126
-1.35636
0.553237
0.745306
1.91349
2.59982
-3.65822
-4.19749
-1.70232
1.1163
-4.13312
3.16638
-1.74775
-0.473595
4.9032
-1.26384
2.98507
-1.32512
-0.528691
-1.31393
-4.075
2.08932
-2.43355
-1.55421
-1.85543
-1.6472
3.87993
-2.43849
0.170795
-3.58856
-0.194803
2.03399
2.483
-4.51584
-0.45983
4.65968
-1.68202
1.60092
-0.0984972
-2.22518
3.1006
-2.71763
-4.46136
-4.46488
1.89494
-3.42916
0.877856
-5.3201
-1.44435
2.63063
-0.325651
2.93647
-1.38594
1.66898
-3.56003
-4.7738
-1.20358
